0	1              0	0	1	0	0	0	0	0
0	2              0	0	1	0	0	0	0	0
1	0              1	0	0	0	0	0	0	0
1	1              1	0	0	0	0	0	0	0
1	2              0	0	1	0	0	0	0	0
1	3              0	0	1	0	0	0	0	0
1	4              0	0	0	0	0	0	0	1
1	5              0	0	0	0	0	0	0	1   
1	6              0	0	0	0	0	0	0	1
2	0              0	0	0	0	0	0	0	1
2	1              0	0	1	0	0	0	0	0
2	2              1	0	0	0	0	0	0	0
2	3              0	0	0	0	0	0	0	1
2	4              0	0	1	0	0	0	0	0
2	5              0	0	0	0	0	0	0	1
2	6              0	0	0	0	0	1	0	0
2	7              0	0	0	0	0	0	0	1
2	8              0	0	0	0	0	0	1	0
3	1              0	0	0	0	0	0	0	1
3	2              0	0	0	0	0	0	0	1
3	3              1	0	0	0	0	0	0	0
3	4              1	0	0	0	0	0	0	0
3	5              0	0	1	0	0	0	0	0
3	6              0	0	1	0	0	0	0	0
3	7              0	0	0	0	0	0	0	1
3	8              0	0	0	0	0	1	0	0
3	9              0	0	0	0	0	0	1	0
3	10            0	0	0	0	0	0	1	0
4	2              0	0	0	0	0	0	0	1
4	3              0	0	1	0	0	0	0	0
4	4              0	0	1	0	0	0	0	0
4	5              1	0	0	0	0	0	0	0
4	6              0	0	1	0	0	0	0	0
4	7              0	0	1	0	0	0	0	0
4	8              0	0	0	0	0	0	1	0
4	9              0	0	0	0	0	0	0	1
4	10              0	0	0	0	0	0	1	0
4	11              0	0	0	0	0	0	1	0
4	12              0	0	0	0	0	0	1	0
5	2              0	0	0	0	0	0	0	1
5	3              0	0	1	0	0	0	0	0
5	4              0	0	0	0	0	0	0	1
5	5              1	0	0	0	0	0	0	0
5	6              1	0	0	0	0	0	0	0
5	7              0	0	1	0	0	0	0	0
5	8              0	0	0	0	0	0	0	1
5	9              0	0	0	0	0	1	0	0
5	10              0	0	0	0	0	1	0	0
5	11              0	0	0	0	0	0	0	1
5	12              0	0	0	0	0	1	0	0
5	13              0	0	0	0	0	0	1	0
5	14              0	0	0	0	0	0	1	0
6	2              0	0	0	0	0	0	0	1
6	3              0	0	1	0	0	0	0	0
6	4              0	0	1	0	0	0	0	0
6	5              0	0	1	0	0	0	0	0
6	6              1	0	0	0	0	0	0	0
6	7              1	0	0	0	0	0	0	0
6	8              0	0	1	0	0	0	0	0
6	9              0	0	1	0	0	0	0	0
6	10              0	0	1	0	0	0	0	0
6	11              0	0	0	0	0	1	0	0
6	12              0	0	0	0	0	0	0	1
6	13              0	0	0	0	0	1	0	0
6	14              0	0	0	0	0	0	1	0
6	16              0	0	0	0	0	0	1	0
7	3	0	0	0	0	0	0	0	1
7	4	0	0	0	0	0	0	0	1
7	5	0	0	1	0	0	0	0	0
7	6	0	0	1	0	0	0	0	0
7	7	1	0	0	0	0	0	0	0
7	8	1	0	0	0	0	0	0	0
7	9	0	0	1	0	0	0	0	0
7	10	0	0	1	0	0	0	0	0
7	11	0	0	1	0	0	0	0	0
7	12	0	0	0	0	0	1	0	0
7	13	0	0	0	0	0	0	0	1
7	14	0	0	0	0	0	0	0	1
7	15	0	0	0	0	0	0	1	0
7	16	0	0	0	0	0	0	1	0
8	4	0	0	0	0	0	0	0	1
8	5	0	0	1	0	0	0	0	0
8	6	0	0	1	0	0	0	0	0
8	7	0	0	1	0	0	0	0	0
8	8	1	0	0	0	0	0	0	0
8	9	1	0	0	0	0	0	0	0
8	10	1	0	0	0	0	0	0	0
8	11	0	0	1	0	0	0	0	0
8	12	0	0	1	0	0	0	0	0
8	13	0	0	0	0	0	1	0	0
8	14	0	0	0	0	0	0	0	1
8	15	0	0	0	0	0	0	0	1
8	16	0	0	0	0	0	0	0	1
8	17	0	0	0	0	0	0	1	0
8	18	0	0	0	0	0	0	1	0
9	5	0	0	0	0	0	0	1	0
9	6	0	0	0	0	0	0	0	1
9	7	0	0	0	0	0	0	0	1
9	8	0	0	1	0	0	0	0	0
9	9	0	0	1	0	0	0	0	0
9	10	1	0	0	0	0	0	0	0
9	11	0	0	1	0	0	0	0	0
9	12	0	0	1	0	0	0	0	0
9	13	0	0	1	0	0	0	0	0
9	14	0	0	0	0	0	0	0	1
9	15	0	0	0	0	0	0	0	1
9	16	0	0	0	0	0	0	0	1
9	17	0	0	0	0	0	0	1	0
9	18	0	0	0	0	0	0	1	0
9	19	0	0	0	0	0	0	1	0
9	20	0	0	0	0	0	0	1	0
9	22	0	0	0	0	0	0	1	0
10	5	0	0	0	0	0	0	1	0
10	6	0	0	1	0	0	0	0	0
10	7	0	0	1	0	0	0	0	0
10	8	0	0	1	0	0	0	0	0
10	9	0	0	1	0	0	0	0	0
10	10	1	0	0	0	0	0	0	0
10	11	1	0	0	0	0	0	0	0
10	12	1	0	0	0	0	0	0	0
10	13	0	0	1	0	0	0	0	0
10	14	0	0	1	0	0	0	0	0
10	15	0	0	0	0	0	0	0	1
10	16	0	0	0	0	0	0	0	1
10	17	0	0	0	0	0	1	0	0
10	18	0	0	0	0	0	0	1	0
10	19	0	0	0	0	0	0	1	0
10	20	0	0	0	0	0	0	1	0
10	21	0	0	0	0	0	0	1	0
10	22	0	0	0	0	0	0	1	0
10	24	0	0	0	0	0	0	1	0
11	7	0	0	0	0	0	0	1	0
11	8	0	0	1	0	0	0	0	0
11	9	0	0	1	0	0	0	0	0
11	10	0	0	1	0	0	0	0	0
11	11	0	0	1	0	0	0	0	0
11	12	1	0	0	0	0	0	0	0
11	13	0	0	1	0	0	0	0	0
11	14	0	0	1	0	0	0	0	0
11	15	0	0	1	0	0	0	0	0
11	16	0	0	0	0	0	1	0	0
11	17	0	0	0	0	0	1	0	0
11	18	0	0	0	0	0	1	0	0
11	19	0	0	0	0	0	1	0	0
11	20	0	0	0	0	0	1	0	0
11	21	0	0	0	0	0	1	0	0
11	22	0	0	0	0	0	1	0	0
11	23	0	0	0	0	0	1	0	0
11	24	0	0	0	0	0	1	0	0
11	26	0	0	0	0	0	0	1	0
12	7	0	0	0	0	0	0	1	0
12	8	0	0	1	0	0	0	0	0
12	9	0	0	1	0	0	0	0	0
12	10	0	0	1	0	0	0	0	0
12	11	0	0	1	0	0	0	0	0
12	12	1	0	0	0	0	0	0	0
12	13	1	0	0	0	0	0	0	0
12	14	1	0	0	0	0	0	0	0
12	15	0	0	1	0	0	0	0	0
12	16	0	0	1	0	0	0	0	0
12	17	0	0	0	0	0	0	0	1
12	18	0	0	0	0	0	0	0	1
12	19	0	0	0	0	0	1	0	0
12	20	0	0	0	0	0	1	0	0
12	21	0	0	0	0	0	0	1	0
12	22	0	0	0	0	0	0	1	0
12	23	0	0	0	0	0	0	1	0
12	24	0	0	0	0	0	0	1	0
12	25	0	0	0	0	0	0	1	0
12	26	0	0	0	0	0	0	1	0
12	28	0	0	0	0	0	0	1	0
13	9	0	0	1	0	0	0	0	0
13	10	0	0	1	0	0	0	0	0
13	11	0	0	1	0	0	0	0	0
13	12	0	0	1	0	0	0	0	0
13	13	0	0	1	0	0	0	0	0
13	14	1	0	0	0	0	0	0	0
13	15	0	0	1	0	0	0	0	0
13	16	0	0	1	0	0	0	0	0
13	17	0	0	1	0	0	0	0	0
13	18	0	0	0	0	0	0	0	1
13	19	0	0	0	0	0	0	0	1
13	20	0	0	0	0	0	0	0	1
13	21	0	0	0	0	0	1	0	0
13	22	0	0	0	0	0	0	1	0
13	23	0	0	0	0	0	0	1	0
13	24	0	0	0	0	0	0	1	0
13	25	0	0	0	0	0	0	1	0
13	26	0	0	0	0	0	0	1	0
13	27	0	0	0	0	0	0	1	0
13	28	0	0	0	0	0	0	1	0
13	29	0	0	0	0	0	0	1	0
13	30	0	0	0	0	0	0	1	0
14	8	0	0	0	0	0	0	1	0
14	9	0	0	0	0	0	0	1	0
14	10	0	0	1	0	0	0	0	0
14	11	0	0	1	0	0	0	0	0
14	12	0	0	1	0	0	0	0	0
14	13	0	0	1	0	0	0	0	0
14	14	1	0	0	0	0	0	0	0
14	15	1	0	0	0	0	0	0	0
14	16	1	0	0	0	0	0	0	0
14	17	0	0	1	0	0	0	0	0
14	18	0	0	1	0	0	0	0	0
14	19	0	0	0	0	0	0	0	1
14	20	0	0	0	0	0	0	0	1
14	21	0	0	0	0	0	0	0	1
14	22	0	0	0	0	0	0	0	1
14	23	0	0	0	0	0	0	0	1
14	24	0	0	0	0	0	0	1	0
14	25	0	0	0	0	0	0	1	0
14	26	0	0	0	0	0	0	1	0
14	27	0	0	0	0	0	0	1	0
14	28	0	0	0	0	0	0	1	0
14	29	0	0	0	0	0	0	1	0
14	30	0	0	0	0	0	0	1	0
15	11	0	0	1	0	0	0	0	0
15	12	0	0	1	0	0	0	0	0
15	13	0	0	1	0	0	0	0	0
15	14	0	0	1	0	0	0	0	0
15	15	0	0	1	0	0	0	0	0
15	16	1	0	0	0	0	0	0	0
15	17	0	0	1	0	0	0	0	0
15	18	0	0	1	0	0	0	0	0
15	19	0	0	1	0	0	0	0	0
15	20	0	0	0	0	0	0	0	1
15	21	0	0	0	0	0	0	0	1
15	22	0	0	0	0	0	0	0	1
15	23	0	0	0	0	0	0	0	1
15	24	0	0	0	0	0	1	0	0
15	25	0	0	0	0	0	0	0	1
15	26	0	0	0	0	0	0	1	0
15	27	0	0	0	0	0	0	1	0
15	28	0	0	0	0	0	0	1	0
15	29	0	0	0	0	0	0	1	0
15	30	0	0	0	0	0	0	1	0
15	31	0	0	0	0	0	0	1	0
16	11	0	0	0	0	0	0	1	0
16	12	0	0	1	0	0	0	0	0
16	13	0	0	1	0	0	0	0	0
16	14	0	0	1	0	0	0	0	0
16	15	0	0	1	0	0	0	0	0
16	16	1	0	0	0	0	0	0	0
16	17	1	0	0	0	0	0	0	0
16	18	1	0	0	0	0	0	0	0
16	19	0	0	1	0	0	0	0	0
16	20	1	0	0	0	0	0	0	0
16	21	0	0	1	0	0	0	0	0
16	22	0	0	1	0	0	0	0	0
16	23	0	0	0	0	0	0	0	1
16	24	0	0	0	0	0	0	0	1
16	25	0	0	0	0	0	0	0	1
16	26	0	0	0	0	0	0	0	1
16	27	0	0	0	0	0	0	1	0
16	28	0	0	0	0	0	0	1	0
16	29	0	0	0	0	0	0	1	0
16	30	0	0	0	0	0	0	1	0
16	31	0	0	0	0	0	0	1	0
16	32	0	0	0	0	0	0	1	0
17	12	0	0	0	0	0	0	1	0
17	14	0	0	1	0	0	0	0	0
17	15	0	0	1	0	0	0	0	0
17	16	0	0	1	0	0	0	0	0
17	17	0	0	1	0	0	0	0	0
17	18	1	0	0	0	0	0	0	0
17	19	0	0	1	0	0	0	0	0
17	20	1	0	0	0	0	0	0	0
17	21	0	0	1	0	0	0	0	0
17	22	0	0	1	0	0	0	0	0
17	23	0	0	1	0	0	0	0	0
17	24	0	0	0	0	0	0	0	1
17	25	0	0	0	0	0	0	0	1
17	26	0	0	1	0	0	0	0	0
17	27	0	0	0	0	0	0	1	0
17	28	0	0	0	0	0	0	1	0
17	29	0	0	0	0	0	0	1	0
17	30	0	0	0	0	0	0	1	0
17	31	0	0	0	0	0	0	1	0
17	32	0	0	0	0	0	0	1	0
17	33	0	0	0	0	0	0	1	0
17	34	0	0	0	0	0	0	1	0
18	12	0	0	0	0	0	0	1	0
18	13	0	0	0	0	0	0	1	0
18	14	0	0	0	0	0	1	0	0
18	15	0	0	1	0	0	0	0	0
18	16	0	0	1	0	0	0	0	0
18	17	0	0	1	0	0	0	0	0
18	18	1	0	0	0	0	0	0	0
18	19	0	0	1	0	0	0	0	0
18	20	1	0	0	0	0	0	0	0
18	21	0	0	1	0	0	0	0	0
18	22	1	0	0	0	0	0	0	0
18	23	0	0	1	0	0	0	0	0
18	24	0	0	1	0	0	0	0	0
18	25	0	0	0	0	0	1	0	0
18	26	0	0	1	0	0	0	0	0
18	27	0	0	1	0	0	0	0	0
18	28	0	0	1	0	0	0	0	0
18	29	0	0	0	0	0	0	1	0
18	30	0	0	0	0	0	0	1	0
18	31	0	0	0	0	0	0	1	0
18	32	0	0	0	0	0	0	1	0
18	33	0	0	0	0	0	0	1	0
18	34	0	0	0	0	0	0	1	0
18	35	0	0	0	0	0	0	1	0
19	16	0	0	1	0	0	0	0	0
19	17	0	0	1	0	0	0	0	0
19	18	0	0	1	0	0	0	0	0
19	19	0	0	1	0	0	0	0	0
19	20	1	0	0	0	0	0	0	0
19	21	1	0	0	0	0	0	0	0
19	22	1	0	0	0	0	0	0	0
19	23	0	0	1	0	0	0	0	0
19	24	0	0	1	0	0	0	0	0
19	25	0	0	1	0	0	0	0	0
19	26	0	0	1	0	0	0	0	0
19	27	0	0	1	0	0	0	0	0
19	28	0	0	1	0	0	0	0	0
19	29	0	0	0	0	0	1	0	0
19	30	0	0	0	0	0	1	0	0
19	31	0	0	0	0	0	1	0	0
19	32	0	0	0	0	0	1	0	0
19	33	0	0	0	0	0	1	0	0
19	34	0	0	0	0	0	1	0	0
19	35	0	0	0	0	0	1	0	0
19	36	0	0	0	0	0	0	1	0
19	37	0	0	0	0	0	0	1	0
20	15	0	0	1	0	0	0	0	0
20	16	0	0	1	0	0	0	0	0
20	17	0	0	1	0	0	0	0	0
20	18	0	0	1	0	0	0	0	0
20	19	0	0	1	0	0	0	0	0
20	20	1	0	0	0	0	0	0	0
20	21	0	0	1	0	0	0	0	0
20	22	1	0	0	0	0	0	0	0
20	23	1	0	0	0	0	0	0	0
20	24	1	0	0	0	0	0	0	0
20	25	0	0	1	0	0	0	0	0
20	26	1	0	0	0	0	0	0	0
20	27	0	0	0	0	0	1	0	0
20	28	1	0	0	0	0	0	0	0
20	29	0	0	1	0	0	0	0	0
20	30	0	0	1	0	0	0	0	0
20	31	0	0	0	0	0	1	0	0
20	32	0	0	0	0	0	1	0	0
20	33	0	0	0	0	0	1	0	0
20	34	0	0	0	0	0	0	1	0
20	35	0	0	0	0	0	0	1	0
20	36	0	0	0	0	0	0	1	0
20	37	0	0	0	0	0	0	1	0
20	38	0	0	0	0	0	0	1	0
21	18	0	0	0	0	0	0	0	1
21	19	0	0	1	0	0	0	0	0
21	20	0	0	1	0	0	0	0	0
21	21	0	0	1	0	0	0	0	0
21	22	0	0	1	0	0	0	0	0
21	23	0	0	1	0	0	0	0	0
21	24	1	0	0	0	0	0	0	0
21	25	0	0	1	0	0	0	0	0
21	26	0	0	1	0	0	0	0	0
21	27	0	0	1	0	0	0	0	0
21	28	0	0	1	0	0	0	0	0
21	29	0	0	1	0	0	0	0	0
21	30	0	0	1	0	0	0	0	0
21	31	0	0	0	0	0	0	0	1
21	32	0	0	0	0	0	0	0	1
21	33	0	0	0	0	0	1	0	0
21	34	0	0	0	0	0	1	0	0
21	35	0	0	0	0	0	0	1	0
21	36	0	0	0	0	0	0	1	0
21	37	0	0	0	0	0	0	1	0
21	38	0	0	0	0	0	0	1	0
21	39	0	0	0	0	0	0	1	0
21	40	0	0	0	0	0	0	1	0
22	17	0	0	0	0	0	0	1	0
22	18	0	0	1	0	0	0	0	0
22	19	0	0	1	0	0	0	0	0
22	20	0	0	1	0	0	0	0	0
22	21	0	0	1	0	0	0	0	0
22	22	0	0	1	0	0	0	0	0
22	23	0	0	1	0	0	0	0	0
22	24	1	0	0	0	0	0	0	0
22	25	1	0	0	0	0	0	0	0
22	26	1	0	0	0	0	0	0	0
22	27	1	0	0	0	0	0	0	0
22	28	1	0	0	0	0	0	0	0
22	29	0	0	1	0	0	0	0	0
22	30	0	0	1	0	0	0	0	0
22	31	0	0	0	0	1	0	0	0
22	32	0	0	0	0	0	0	0	1
22	33	0	0	0	0	0	0	0	1
22	34	0	0	0	0	0	0	0	1
22	35	0	0	0	0	0	0	1	0
22	36	0	0	0	0	0	0	1	0
22	37	0	0	0	0	0	0	1	0
22	38	0	0	0	0	0	0	1	0
22	39	0	0	0	0	0	0	1	0
22	40	0	0	0	0	0	0	1	0
22	41	0	0	0	0	0	0	1	0
22	42	0	0	0	0	0	0	1	0
23	20	0	0	0	0	0	0	1	0
23	21	0	0	0	0	1	0	0	0
23	22	0	0	0	0	1	0	0	0
23	23	0	0	1	0	0	0	0	0
23	24	0	0	1	0	0	0	0	0
23	25	0	0	1	0	0	0	0	0
23	26	0	0	1	0	0	0	0	0
23	27	1	0	0	0	0	0	0	0
23	28	1	0	0	0	0	0	0	0
23	29	0	0	1	0	0	0	0	0
23	30	0	0	1	0	0	0	0	0
23	31	0	0	1	0	0	0	0	0
23	32	0	0	0	0	1	0	0	0
23	33	0	0	0	0	0	0	0	1
23	34	0	0	0	0	0	0	0	1
23	35	0	0	0	0	0	0	0	1
23	36	0	0	0	0	0	0	1	0
23	37	0	0	0	0	0	0	1	0
23	38	0	0	0	0	0	0	1	0
23	39	0	0	0	0	0	0	1	0
23	40	0	0	0	0	0	0	1	0
23	41	0	0	0	0	0	0	1	0
23	42	0	0	0	0	0	0	1	0
23	43	0	0	0	0	0	0	1	0
23	44	0	0	0	0	0	0	1	0
24	18	0	0	0	0	0	0	1	0
24	19	0	0	0	0	0	0	1	0
24	20	0	0	0	0	0	0	1	0
24	21	0	0	0	0	1	0	0	0
24	22	0	0	0	0	1	0	0	0
24	23	0	0	1	0	0	0	0	0
24	24	0	0	0	0	0	1	0	0
24	25	0	0	1	0	0	0	0	0
24	26	1	0	0	0	0	0	0	0
24	27	0	0	1	0	0	0	0	0
24	28	1	0	0	0	0	0	0	0
24	29	1	0	0	0	0	0	0	0
24	30	1	0	0	0	0	0	0	0
24	31	0	0	1	0	0	0	0	0
24	32	0	0	1	0	0	0	0	0
24	33	0	0	0	0	1	0	0	0
24	34	0	0	0	0	0	0	0	1
24	35	0	0	0	0	0	0	0	1
24	36	0	0	0	0	0	0	0	1
24	37	0	0	0	0	0	0	1	0
24	38	0	0	0	0	0	0	1	0
24	39	0	0	0	0	0	0	1	0
24	40	0	0	0	0	0	0	1	0
24	41	0	0	0	0	0	0	1	0
24	42	0	0	0	0	0	0	1	0
24	43	0	0	0	0	0	0	1	0
24	44	0	0	0	0	0	0	1	0
24	45	0	0	0	0	0	0	1	0
24	46	0	0	0	0	0	0	1	0
25	21	0	0	0	0	0	0	1	0
25	22	0	0	0	0	0	0	1	0
25	23	0	0	0	0	1	0	0	0
25	24	0	0	0	0	1	0	0	0
25	25	0	0	1	0	0	0	0	0
25	26	0	0	1	0	0	0	0	0
25	27	0	0	1	0	0	0	0	0
25	28	0	0	1	0	0	0	0	0
25	29	0	0	1	0	0	0	0	0
25	30	1	0	0	0	0	0	0	0
25	31	0	0	1	0	0	0	0	0
25	32	0	0	1	0	0	0	0	0
25	33	0	0	1	0	0	0	0	0
25	34	0	0	1	0	0	0	0	0
25	35	0	0	0	0	1	0	0	0
25	36	0	0	0	0	0	0	0	1
25	37	0	0	0	0	0	0	0	1
25	38	0	0	0	0	0	0	0	1
25	39	0	0	0	0	0	0	1	0
25	40	0	0	0	0	0	0	1	0
25	41	0	0	0	0	0	0	1	0
25	42	0	0	0	0	0	0	1	0
25	43	0	0	0	0	0	0	1	0
25	44	0	0	0	0	0	0	1	0
25	45	0	0	0	0	0	0	1	0
25	46	0	0	0	0	0	0	1	0
25	47	0	0	0	0	0	0	1	0
26	19	0	0	0	0	0	0	1	0
26	20	0	0	0	0	0	0	1	0
26	21	0	0	0	0	0	0	1	0
26	22	0	0	0	0	0	0	1	0
26	23	0	0	0	0	1	0	0	0
26	24	0	0	1	0	0	0	0	0
26	25	0	0	1	0	0	0	0	0
26	26	0	0	0	0	0	1	0	0
26	27	0	0	1	0	0	0	0	0
26	28	1	0	0	0	0	0	0	0
26	29	0	0	1	0	0	0	0	0
26	30	1	0	0	0	0	0	0	0
26	31	1	0	0	0	0	0	0	0
26	32	1	0	0	0	0	0	0	0
26	33	0	0	1	0	0	0	0	0
26	34	0	0	0	0	0	1	0	0
26	35	0	0	0	0	0	1	0	0
26	36	0	0	1	0	0	0	0	0
26	37	0	0	0	0	0	0	0	1
26	38	0	0	0	0	0	0	0	1
26	39	0	0	0	0	0	0	0	1
26	40	0	0	0	0	0	0	1	0
26	41	0	0	0	0	0	0	1	0
26	42	0	0	0	0	0	0	1	0
26	43	0	0	0	0	0	0	1	0
26	44	0	0	0	0	0	0	1	0
26	45	0	0	0	0	0	0	1	0
26	46	0	0	0	0	0	0	1	0
26	47	0	0	0	0	0	0	1	0
26	48	0	0	0	0	0	0	1	0
26	49	0	0	0	0	0	0	1	0
27	23	0	0	0	0	0	0	1	0
27	24	0	0	0	0	0	0	1	0
27	25	0	0	0	0	0	0	1	0
27	26	0	0	0	0	1	0	0	0
27	27	0	0	1	0	0	0	0	0
27	28	0	0	1	0	0	0	0	0
27	29	0	0	1	0	0	0	0	0
27	30	0	0	1	0	0	0	0	0
27	31	0	0	1	0	0	0	0	0
27	32	1	0	0	0	0	0	0	0
27	33	0	0	1	0	0	0	0	0
27	34	0	0	1	0	0	0	0	0
27	35	0	0	1	0	0	0	0	0
27	36	0	0	1	0	0	0	0	0
27	37	0	0	1	0	0	0	0	0
27	38	0	0	1	0	0	0	0	0
27	39	0	0	0	0	0	0	0	1
27	40	0	0	0	0	0	0	0	1
27	41	0	0	0	0	0	0	1	0
27	42	0	0	0	0	0	0	1	0
27	43	0	0	0	0	0	0	1	0
27	44	0	0	0	0	0	0	1	0
27	45	0	0	0	0	0	0	1	0
27	46	0	0	0	0	0	0	1	0
27	47	0	0	0	0	0	0	1	0
27	48	0	0	0	0	0	0	1	0
27	49	0	0	0	0	0	0	1	0
27	50	0	0	0	0	0	0	1	0
28	20	0	0	0	0	0	0	1	0
28	21	0	0	0	0	0	0	1	0
28	22	0	0	0	0	0	0	1	0
28	23	0	0	0	0	0	0	1	0
28	24	0	0	0	0	0	0	1	0
28	25	0	0	0	0	1	0	0	0
28	26	0	0	1	0	0	0	0	0
28	27	0	0	1	0	0	0	0	0
28	28	0	0	0	0	0	1	0	0
28	29	0	0	1	0	0	0	0	0
28	30	1	0	0	0	0	0	0	0
28	31	0	0	1	0	0	0	0	0
28	32	1	0	0	0	0	0	0	0
28	33	1	0	0	0	0	0	0	0
28	34	1	0	0	0	0	0	0	0
28	35	0	0	1	0	0	0	0	0
28	36	1	0	0	0	0	0	0	0
28	37	0	0	1	0	0	0	0	0
28	38	0	0	0	1	0	0	0	0
28	39	0	0	0	0	0	0	0	1
28	40	0	0	0	0	0	0	0	1
28	41	0	0	0	0	0	0	0	1
28	42	0	0	0	1	0	0	0	0
28	43	0	0	0	1	0	0	0	0
28	44	0	0	0	1	0	0	0	0
28	45	0	0	0	1	0	0	0	0
28	46	0	0	0	1	0	0	0	0
28	47	0	0	0	0	0	0	1	0
28	48	0	0	0	0	0	0	1	0
28	49	0	0	0	0	0	0	1	0
28	50	0	0	0	0	0	0	1	0
28	51	0	0	0	0	0	0	1	0
28	52	0	0	0	0	0	0	1	0
29	26	0	0	0	0	0	0	1	0
29	27	0	0	0	0	0	0	1	0
29	28	0	0	0	0	1	0	0	0
29	29	0	0	1	0	0	0	0	0
29	30	0	0	1	0	0	0	0	0
29	31	0	0	1	0	0	0	0	0
29	32	0	0	1	0	0	0	0	0
29	33	0	0	1	0	0	0	0	0
29	34	1	0	0	0	0	0	0	0
29	35	0	0	1	0	0	0	0	0
29	36	1	0	0	0	0	0	0	0
29	37	0	0	1	0	0	0	0	0
29	38	0	0	0	1	0	0	0	0
29	39	0	0	1	0	0	0	0	0
29	40	0	0	1	0	0	0	0	0
29	41	0	0	1	0	0	0	0	0
29	42	0	0	0	0	0	0	0	1
29	43	0	0	0	0	0	0	0	1
29	44	0	0	0	0	0	0	0	1
29	45	0	0	0	1	0	0	0	0
29	46	0	0	0	1	0	0	0	0
29	47	0	0	0	1	0	0	0	0
29	48	0	0	0	1	0	0	0	0
29	49	0	0	0	0	0	1	0	0
29	50	0	0	0	0	0	1	0	0
29	51	0	0	0	0	0	0	1	0
29	52	0	0	0	0	0	0	1	0
29	53	0	0	0	0	0	0	1	0
30	24	0	0	0	0	0	0	1	0
30	25	0	0	0	0	0	0	1	0
30	26	0	0	0	0	0	0	1	0
30	27	0	0	0	0	1	0	0	0
30	28	0	0	1	0	0	0	0	0
30	29	0	0	1	0	0	0	0	0
30	30	0	0	1	0	0	0	0	0
30	31	0	0	1	0	0	0	0	0
30	32	0	0	0	0	0	1	0	0
30	33	0	0	1	0	0	0	0	0
30	34	1	0	0	0	0	0	0	0
30	35	0	0	1	0	0	0	0	0
30	36	1	0	0	0	0	0	0	0
30	37	1	0	0	0	0	0	0	0
30	38	1	0	0	0	0	0	0	0
30	39	0	0	1	0	0	0	0	0
30	40	1	0	0	0	0	0	0	0
30	41	0	0	1	0	0	0	0	0
30	42	0	0	0	1	0	0	0	0
30	43	0	0	0	0	0	1	0	0
30	44	0	0	0	0	0	1	0	0
30	45	0	0	0	1	0	0	0	0
30	46	0	0	0	1	0	0	0	0
30	47	0	0	0	1	0	0	0	0
30	48	0	0	0	1	0	0	0	0
30	49	0	0	0	1	0	0	0	0
30	50	0	0	0	1	0	0	0	0
30	51	0	0	0	0	0	1	0	0
30	52	0	0	0	0	0	0	1	0
30	53	0	0	0	0	0	0	1	0
30	54	0	0	0	0	0	0	1	0
30	55	0	0	0	0	0	0	1	0
31	29	0	0	0	0	0	0	1	0
31	30	0	0	0	0	1	0	0	0
31	31	0	0	1	0	0	0	0	0
31	32	0	0	0	0	1	0	0	0
31	33	0	0	1	0	0	0	0	0
31	34	0	0	1	0	0	0	0	0
31	35	0	0	1	0	0	0	0	0
31	36	0	0	1	0	0	0	0	0
31	37	0	0	1	0	0	0	0	0
31	38	1	0	0	0	0	0	0	0
31	39	0	0	1	0	0	0	0	0
31	40	1	0	0	0	0	0	0	0
31	41	0	0	1	0	0	0	0	0
31	42	0	0	0	1	0	0	0	0
31	43	0	0	1	0	0	0	0	0
31	44	0	0	1	0	0	0	0	0
31	45	0	0	1	0	0	0	0	0
31	46	0	0	0	1	0	0	0	0
31	47	0	0	0	1	0	0	0	0
31	48	0	0	0	1	0	0	0	0
31	49	0	0	0	1	0	0	0	0
31	50	0	0	0	1	0	0	0	0
31	51	0	0	0	1	0	0	0	0
31	52	0	0	0	1	0	0	0	0
31	53	0	0	0	0	0	1	0	0
31	54	0	0	0	0	0	0	1	0
31	55	0	0	0	0	0	0	1	0
31	56	0	0	0	0	0	0	1	0
32	27	0	0	0	0	0	0	1	0
32	28	0	0	0	0	0	0	1	0
32	29	0	0	0	0	1	0	0	0
32	30	0	0	0	0	0	0	1	0
32	31	0	0	0	0	0	0	1	0
32	32	0	0	1	0	0	0	0	0
32	33	0	0	1	0	0	0	0	0
32	34	0	0	0	0	0	1	0	0
32	35	0	0	0	0	0	1	0	0
32	36	0	0	0	0	0	1	0	0
32	37	0	0	1	0	0	0	0	0
32	38	1	0	0	0	0	0	0	0
32	39	0	0	1	0	0	0	0	0
32	40	1	0	0	0	0	0	0	0
32	41	1	0	0	0	0	0	0	0
32	42	1	0	0	0	0	0	0	0
32	43	0	0	1	0	0	0	0	0
32	44	1	0	0	0	0	0	0	0
32	45	0	0	1	0	0	0	0	0
32	46	0	0	0	1	0	0	0	0
32	47	0	0	1	0	0	0	0	0
32	48	0	0	0	1	0	0	0	0
32	49	0	0	0	1	0	0	0	0
32	50	0	0	0	1	0	0	0	0
32	51	0	0	0	1	0	0	0	0
32	52	0	0	0	1	0	0	0	0
32	53	0	0	0	1	0	0	0	0
32	54	0	0	0	0	0	0	1	0
32	55	0	0	0	0	0	0	1	0
32	56	0	0	0	0	0	0	1	0
32	57	0	0	0	0	0	0	1	0
32	58	0	0	0	0	0	0	1	0
33	31	0	0	0	0	0	0	1	0
33	32	0	0	0	0	0	0	1	0
33	33	0	0	0	0	1	0	0	0
33	34	0	0	0	0	1	0	0	0
33	35	0	0	1	0	0	0	0	0
33	36	0	0	1	0	0	0	0	0
33	37	0	0	0	0	0	1	0	0
33	38	0	0	1	0	0	0	0	0
33	39	0	0	1	0	0	0	0	0
33	40	0	0	1	0	0	0	0	0
33	41	0	0	1	0	0	0	0	0
33	42	1	0	0	0	0	0	0	0
33	43	0	0	1	0	0	0	0	0
33	44	0	0	0	1	0	0	0	0
33	45	0	0	1	0	0	0	0	0
33	46	0	0	1	0	0	0	0	0
33	47	0	0	1	0	0	0	0	0
33	48	0	0	1	0	0	0	0	0
33	49	0	0	1	0	0	0	0	0
33	50	0	0	0	1	0	0	0	0
33	51	0	0	0	1	0	0	0	0
33	52	0	0	0	1	0	0	0	0
33	53	0	0	0	1	0	0	0	0
33	54	0	0	0	1	0	0	0	0
33	55	0	0	0	0	0	0	1	0
33	56	0	0	0	0	0	0	1	0
33	57	0	0	0	0	0	0	1	0
33	58	0	0	0	0	0	0	1	0
33	59	0	0	0	0	0	0	1	0
34	30	0	0	0	0	0	0	1	0
34	31	0	0	0	0	1	0	0	0
34	32	0	0	0	0	0	0	1	0
34	33	0	0	0	0	0	0	1	0
34	34	0	0	0	0	1	0	0	0
34	35	0	0	0	0	1	0	0	0
34	36	0	0	0	0	0	1	0	0
34	37	0	0	0	0	1	0	0	0
34	38	0	0	0	0	0	1	0	0
34	39	0	0	1	0	0	0	0	0
34	40	1	0	0	0	0	0	0	0
34	41	0	0	1	0	0	0	0	0
34	42	1	0	0	0	0	0	0	0
34	43	1	0	0	0	0	0	0	0
34	44	1	0	0	0	0	0	0	0
34	45	0	0	1	0	0	0	0	0
34	46	1	0	0	0	0	0	0	0
34	47	0	0	1	0	0	0	0	0
34	48	1	0	0	0	0	0	0	0
34	49	0	0	1	0	0	0	0	0
34	50	0	0	0	1	0	0	0	0
34	51	0	0	0	1	0	0	0	0
34	52	0	0	0	1	0	0	0	0
34	53	0	0	0	1	0	0	0	0
34	54	0	0	0	1	0	0	0	0
34	55	0	0	0	1	0	0	0	0
34	56	0	0	0	0	0	0	1	0
34	57	0	0	0	1	0	0	0	0
34	58	0	0	0	0	0	0	1	0
34	59	0	0	0	0	0	0	1	0
34	60	0	0	0	0	0	0	1	0
34	61	0	0	0	0	0	0	1	0
35	34	0	0	0	0	0	0	1	0
35	35	0	0	0	0	1	0	0	0
35	36	0	0	0	0	1	0	0	0
35	37	0	0	0	0	1	0	0	0
35	38	0	0	0	0	1	0	0	0
35	39	0	0	0	0	1	0	0	0
35	40	0	0	1	0	0	0	0	0
35	41	0	0	1	0	0	0	0	0
35	42	0	0	1	0	0	0	0	0
35	43	0	0	1	0	0	0	0	0
35	44	1	0	0	0	0	0	0	0
35	45	0	0	1	0	0	0	0	0
35	46	1	0	0	0	0	0	0	0
35	47	0	0	1	0	0	0	0	0
35	48	0	0	1	0	0	0	0	0
35	49	0	0	1	0	0	0	0	0
35	50	0	0	1	0	0	0	0	0
35	51	0	0	1	0	0	0	0	0
35	52	0	0	1	0	0	0	0	0
35	53	0	0	0	1	0	0	0	0
35	54	0	0	0	1	0	0	0	0
35	55	0	0	0	1	0	0	0	0
35	56	0	0	0	1	0	0	0	0
35	57	0	0	0	1	0	0	0	0
35	58	0	0	0	1	0	0	0	0
35	59	0	0	0	1	0	0	0	0
35	60	0	0	0	0	0	0	1	0
35	61	0	0	0	0	0	0	1	0
35	62	0	0	0	0	0	0	1	0
35	63	0	0	0	0	0	0	1	0
36	33	0	0	0	0	0	0	1	0
36	34	0	0	0	0	0	0	1	0
36	35	0	0	0	0	0	1	0	0
36	36	0	0	0	0	1	0	0	0
36	37	0	0	0	0	0	1	0	0
36	38	0	0	0	0	0	1	0	0
36	39	0	0	0	0	0	1	0	0
36	40	0	0	0	0	0	1	0	0
36	41	0	0	1	0	0	0	0	0
36	42	1	0	0	0	0	0	0	0
36	43	0	0	1	0	0	0	0	0
36	44	1	0	0	0	0	0	0	0
36	45	0	0	1	0	0	0	0	0
36	46	1	0	0	0	0	0	0	0
36	47	1	0	0	0	0	0	0	0
36	48	1	0	0	0	0	0	0	0
36	49	0	0	1	0	0	0	0	0
36	50	1	0	0	0	0	0	0	0
36	51	0	0	1	0	0	0	0	0
36	52	0	0	0	1	0	0	0	0
36	53	0	0	0	1	0	0	0	0
36	54	0	0	0	1	0	0	0	0
36	55	0	0	0	1	0	0	0	0
36	56	0	0	0	1	0	0	0	0
36	57	0	0	0	1	0	0	0	0
36	58	0	0	0	1	0	0	0	0
36	59	0	0	0	0	0	0	1	0
36	60	0	0	0	0	0	0	1	0
36	61	0	0	0	0	0	0	1	0
36	62	0	0	0	0	0	0	1	0
36	63	0	0	0	0	0	0	1	0
36	64	0	0	0	0	0	0	1	0
36	65	0	0	0	0	0	0	1	0
37	36	0	0	0	0	1	0	0	0
37	37	0	0	0	0	0	1	0	0
37	38	0	0	0	0	0	1	0	0
37	39	0	0	0	0	0	1	0	0
37	40	0	0	0	0	0	1	0	0
37	41	0	0	1	0	0	0	0	0
37	42	0	0	0	0	1	0	0	0
37	43	0	0	0	0	1	0	0	0
37	44	0	0	1	0	0	0	0	0
37	45	0	0	1	0	0	0	0	0
37	46	0	0	1	0	0	0	0	0
37	47	0	0	1	0	0	0	0	0
37	48	1	0	0	0	0	0	0	0
37	49	0	0	1	0	0	0	0	0
37	50	1	0	0	0	0	0	0	0
37	51	0	0	0	1	0	0	0	0
37	52	0	0	0	1	0	0	0	0
37	53	0	0	0	1	0	0	0	0
37	54	0	0	0	1	0	0	0	0
37	55	0	0	0	1	0	0	0	0
37	56	0	0	0	1	0	0	0	0
37	57	0	0	0	1	0	0	0	0
37	58	0	0	0	1	0	0	0	0
37	59	0	0	0	1	0	0	0	0
37	60	0	0	0	1	0	0	0	0
37	61	0	0	0	1	0	0	0	0
37	62	0	0	0	1	0	0	0	0
37	63	0	0	0	1	0	0	0	0
37	64	0	0	0	0	0	1	0	0
37	65	0	0	0	0	0	1	0	0
37	66	0	0	0	0	0	0	1	0
38	35	0	0	0	0	1	0	0	0
38	36	0	0	0	0	0	0	1	0
38	37	0	0	0	0	0	0	1	0
38	38	0	0	0	0	1	0	0	0
38	39	0	0	0	0	1	0	0	0
38	40	0	0	0	0	1	0	0	0
38	41	0	0	0	0	1	0	0	0
38	42	0	0	0	0	1	0	0	0
38	43	0	0	1	0	0	0	0	0
38	44	0	0	1	0	0	0	0	0
38	45	0	0	1	0	0	0	0	0
38	46	1	0	0	0	0	0	0	0
38	47	0	0	1	0	0	0	0	0
38	48	1	0	0	0	0	0	0	0
38	49	1	0	0	0	0	0	0	0
38	50	1	0	0	0	0	0	0	0
38	51	0	0	1	0	0	0	0	0
38	52	0	0	0	1	0	0	0	0
38	53	0	0	1	0	0	0	0	0
38	54	0	0	0	1	0	0	0	0
38	55	0	0	0	1	0	0	0	0
38	56	0	0	0	1	0	0	0	0
38	57	0	0	0	1	0	0	0	0
38	58	0	0	0	1	0	0	0	0
38	59	0	0	0	1	0	0	0	0
38	60	0	0	0	1	0	0	0	0
38	61	0	0	0	1	0	0	0	0
38	62	0	0	0	1	0	0	0	0
38	63	0	0	0	1	0	0	0	0
38	64	0	0	0	1	0	0	0	0
38	65	0	0	0	0	0	0	1	0
38	66	0	0	0	0	0	0	1	0
38	67	0	0	0	0	0	0	1	0
38	68	0	0	0	0	0	0	1	0
38	69	0	0	0	0	0	0	1	0
39	37	0	0	0	0	0	0	1	0
39	38	0	0	0	0	0	0	1	0
39	39	0	0	0	0	0	0	1	0
39	40	0	0	0	0	0	1	0	0
39	41	0	0	0	0	1	0	0	0
39	42	0	0	0	0	1	0	0	0
39	43	0	0	0	0	1	0	0	0
39	44	0	0	0	0	1	0	0	0
39	45	0	0	0	0	1	0	0	0
39	46	0	0	0	0	0	1	0	0
39	47	0	0	0	0	0	1	0	0
39	48	0	0	1	0	0	0	0	0
39	49	0	0	0	1	0	0	0	0
39	50	1	0	0	0	0	0	0	0
39	51	0	0	1	0	0	0	0	0
39	52	0	0	1	0	0	0	0	0
39	53	0	0	1	0	0	0	0	0
39	54	0	0	0	1	0	0	0	0
39	55	0	0	0	1	0	0	0	0
39	56	0	0	0	1	0	0	0	0
39	57	0	0	0	1	0	0	0	0
39	58	0	0	0	1	0	0	0	0
39	59	0	0	0	1	0	0	0	0
39	60	0	0	0	1	0	0	0	0
39	61	0	0	0	1	0	0	0	0
39	62	0	0	0	1	0	0	0	0
39	63	0	0	0	1	0	0	0	0
39	64	0	0	0	0	0	0	1	0
39	65	0	0	0	0	0	0	1	0
39	66	0	0	0	0	0	0	1	0
39	67	0	0	0	0	0	0	1	0
39	68	0	0	0	0	0	0	1	0
39	69	0	0	0	0	0	0	1	0
39	70	0	0	0	0	0	0	1	0
40	38	0	0	0	0	0	0	1	0
40	39	0	0	0	0	0	0	1	0
40	40	0	0	0	0	1	0	0	0
40	41	0	0	0	0	1	0	0	0
40	42	0	0	0	0	0	1	0	0
40	43	0	0	0	0	1	0	0	0
40	44	0	0	0	0	1	0	0	0
40	45	0	0	0	0	0	1	0	0
40	46	0	0	0	0	0	1	0	0
40	47	0	0	1	0	0	0	0	0
40	48	0	0	0	0	0	1	0	0
40	49	0	0	1	0	0	0	0	0
40	50	1	0	0	0	0	0	0	0
40	51	1	0	0	0	0	0	0	0
40	52	1	0	0	0	0	0	0	0
40	53	0	0	0	1	0	0	0	0
40	54	1	0	0	0	0	0	0	0
40	55	0	0	0	1	0	0	0	0
40	56	1	0	0	0	0	0	0	0
40	57	0	0	0	1	0	0	0	0
40	58	0	0	0	1	0	0	0	0
40	59	0	0	0	1	0	0	0	0
40	60	0	0	0	1	0	0	0	0
40	61	0	0	0	1	0	0	0	0
40	62	0	0	0	1	0	0	0	0
40	63	0	0	0	1	0	0	0	0
40	64	0	0	0	1	0	0	0	0
40	65	0	0	0	1	0	0	0	0
40	66	0	0	0	0	0	0	1	0
40	67	0	0	0	0	0	0	1	0
40	68	0	0	0	0	0	0	1	0
40	69	0	0	0	0	0	0	1	0
40	70	0	0	0	0	0	0	1	0
40	71	0	0	0	0	0	0	1	0
40	72	0	0	0	0	0	0	1	0
41	41	0	0	0	0	0	0	1	0
41	42	0	0	0	0	1	0	0	0
41	43	0	0	0	0	1	0	0	0
41	44	0	0	0	0	1	0	0	0
41	45	0	0	0	0	0	1	0	0
41	46	0	0	0	0	1	0	0	0
41	47	0	0	0	0	0	1	0	0
41	48	0	0	1	0	0	0	0	0
41	49	0	0	1	0	0	0	0	0
41	50	0	0	1	0	0	0	0	0
41	51	0	0	1	0	0	0	0	0
41	52	1	0	0	0	0	0	0	0
41	53	0	0	1	0	0	0	0	0
41	54	0	0	0	1	0	0	0	0
41	55	0	0	1	0	0	0	0	0
41	56	0	0	0	1	0	0	0	0
41	57	0	0	0	1	0	0	0	0
41	58	0	0	1	0	0	0	0	0
41	59	0	0	1	0	0	0	0	0
41	60	0	0	0	1	0	0	0	0
41	61	0	0	0	1	0	0	0	0
41	62	0	0	0	1	0	0	0	0
41	63	0	0	0	1	0	0	0	0
41	64	0	0	0	1	0	0	0	0
41	65	0	0	0	1	0	0	0	0
41	66	0	0	0	1	0	0	0	0
41	67	0	0	0	0	0	0	1	0
41	68	0	0	0	0	0	0	1	0
41	69	0	0	0	0	0	0	1	0
41	70	0	0	0	0	0	0	1	0
41	71	0	0	0	0	0	0	1	0
41	72	0	0	0	0	0	0	1	0
41	73	0	0	0	0	0	0	1	0
41	74	0	0	0	0	0	0	1	0
42	41	0	0	0	0	0	0	1	0
42	42	0	0	0	0	1	0	0	0
42	43	0	0	0	0	0	0	1	0
42	44	0	0	0	0	1	0	0	0
42	45	0	0	0	0	1	0	0	0
42	46	0	0	0	0	1	0	0	0
42	47	0	0	1	0	0	0	0	0
42	48	0	0	1	0	0	0	0	0
42	49	0	0	1	0	0	0	0	0
42	50	1	0	0	0	0	0	0	0
42	51	0	0	1	0	0	0	0	0
42	52	1	0	0	0	0	0	0	0
42	53	1	0	0	0	0	0	0	0
42	54	1	0	0	0	0	0	0	0
42	55	1	0	0	0	0	0	0	0
42	56	1	0	0	0	0	0	0	0
42	57	0	0	1	0	0	0	0	0
42	58	1	0	0	0	0	0	0	0
42	59	0	0	1	0	0	0	0	0
42	60	0	0	0	1	0	0	0	0
42	61	0	0	0	1	0	0	0	0
42	62	0	0	0	1	0	0	0	0
42	63	0	0	0	1	0	0	0	0
42	64	0	0	0	1	0	0	0	0
42	65	0	0	0	1	0	0	0	0
42	66	0	0	0	1	0	0	0	0
42	67	0	0	0	1	0	0	0	0
42	68	0	0	0	1	0	0	0	0
42	69	0	0	0	0	0	0	1	0
42	70	0	0	0	0	0	0	1	0
42	71	0	0	0	0	0	0	1	0
42	72	0	0	0	0	0	0	1	0
42	73	0	0	0	0	0	0	1	0
42	74	0	0	0	0	0	0	1	0
42	75	0	0	0	0	0	0	1	0
42	76	0	0	0	0	0	0	1	0
43	43	0	0	0	0	0	0	1	0
43	44	0	0	0	0	1	0	0	0
43	45	0	0	0	0	1	0	0	0
43	46	0	0	0	0	1	0	0	0
43	47	0	0	1	0	0	0	0	0
43	48	0	0	1	0	0	0	0	0
43	49	0	0	1	0	0	0	0	0
43	50	0	0	1	0	0	0	0	0
43	51	0	0	1	0	0	0	0	0
43	52	0	0	1	0	0	0	0	0
43	53	0	0	1	0	0	0	0	0
43	54	0	0	1	0	0	0	0	0
43	55	0	0	1	0	0	0	0	0
43	56	0	0	1	0	0	0	0	0
43	57	0	0	1	0	0	0	0	0
43	58	0	0	1	0	0	0	0	0
43	59	0	0	0	1	0	0	0	0
43	60	0	0	1	0	0	0	0	0
43	61	0	0	1	0	0	0	0	0
43	62	0	0	0	1	0	0	0	0
43	63	0	0	0	1	0	0	0	0
43	64	0	0	0	1	0	0	0	0
43	65	0	0	0	1	0	0	0	0
43	66	0	0	0	1	0	0	0	0
43	67	0	0	0	1	0	0	0	0
43	68	0	0	0	1	0	0	0	0
43	69	0	0	0	1	0	0	0	0
43	70	0	0	0	1	0	0	0	0
43	71	0	0	0	0	0	0	1	0
43	72	0	0	0	0	0	0	1	0
43	73	0	0	0	0	0	0	1	0
43	74	0	0	0	0	0	0	1	0
43	75	0	0	0	0	0	0	1	0
43	76	0	0	0	0	0	0	1	0
43	77	0	0	0	0	0	0	1	0
43	78	0	0	0	0	0	0	1	0
44	43	0	0	0	0	0	0	1	0
44	44	0	0	0	0	0	0	1	0
44	45	0	0	0	0	0	0	1	0
44	46	0	0	0	0	1	0	0	0
44	47	0	0	0	0	1	0	0	0
44	48	0	0	0	0	0	1	0	0
44	49	0	0	1	0	0	0	0	0
44	50	0	0	1	0	0	0	0	0
44	51	0	0	1	0	0	0	0	0
44	52	1	0	0	0	0	0	0	0
44	53	0	0	1	0	0	0	0	0
44	54	1	0	0	0	0	0	0	0
44	55	1	0	0	0	0	0	0	0
44	56	1	0	0	0	0	0	0	0
44	57	1	0	0	0	0	0	0	0
44	58	1	0	0	0	0	0	0	0
44	59	0	0	1	0	0	0	0	0
44	60	1	0	0	0	0	0	0	0
44	61	0	0	1	0	0	0	0	0
44	62	0	0	0	1	0	0	0	0
44	63	0	0	0	1	0	0	0	0
44	64	0	0	0	1	0	0	0	0
44	65	0	0	0	1	0	0	0	0
44	66	0	0	0	1	0	0	0	0
44	67	0	0	0	1	0	0	0	0
44	68	0	0	0	1	0	0	0	0
44	69	0	0	0	1	0	0	0	0
44	70	0	0	0	1	0	0	0	0
44	71	0	0	0	1	0	0	0	0
44	72	0	0	0	0	0	0	1	0
44	73	0	0	0	0	0	0	1	0
44	74	0	0	0	0	0	0	1	0
44	75	0	0	0	0	0	0	1	0
44	76	0	0	0	0	0	0	1	0
44	77	0	0	0	0	0	0	1	0
44	78	0	0	0	0	0	0	1	0
44	79	0	0	0	0	0	0	1	0
44	80	0	0	0	0	0	0	1	0
45	44	0	0	0	0	0	0	1	0
45	45	0	0	0	0	0	0	1	0
45	46	0	0	0	0	0	0	1	0
45	47	0	0	0	0	0	0	1	0
45	48	0	0	0	0	0	0	1	0
45	49	0	0	1	0	0	0	0	0
45	50	0	0	1	0	0	0	0	0
45	51	0	0	1	0	0	0	0	0
45	52	0	0	1	0	0	0	0	0
45	53	0	0	1	0	0	0	0	0
45	54	0	0	1	0	0	0	0	0
45	55	0	0	0	0	0	1	0	0
45	56	0	0	0	0	0	1	0	0
45	57	0	0	1	0	0	0	0	0
45	58	1	0	0	0	0	0	0	0
45	59	0	0	1	0	0	0	0	0
45	60	0	0	1	0	0	0	0	0
45	61	0	0	0	1	0	0	0	0
45	62	0	0	0	1	0	0	0	0
45	63	0	0	0	1	0	0	0	0
45	64	0	0	0	1	0	0	0	0
45	65	0	0	1	0	0	0	0	0
45	66	0	0	0	1	0	0	0	0
45	67	0	0	0	1	0	0	0	0
45	68	0	0	0	1	0	0	0	0
45	69	0	0	0	1	0	0	0	0
45	70	0	0	0	1	0	0	0	0
45	71	0	0	0	1	0	0	0	0
45	72	0	0	0	1	0	0	0	0
45	73	0	0	0	0	0	0	1	0
45	74	0	0	0	0	0	0	1	0
45	75	0	0	0	0	0	0	1	0
45	76	0	0	0	0	0	0	1	0
45	77	0	0	0	0	0	0	1	0
45	78	0	0	0	0	0	0	1	0
45	79	0	0	0	0	0	0	1	0
45	80	0	0	0	0	0	0	1	0
45	81	0	0	0	0	0	0	1	0
45	82	0	0	0	0	0	0	1	0
46	45	0	0	0	0	0	0	1	0
46	46	0	0	0	0	0	0	1	0
46	47	0	0	0	0	0	0	1	0
46	48	0	0	0	0	1	0	0	0
46	49	0	0	0	0	1	0	0	0
46	50	0	0	1	0	0	0	0	0
46	51	0	0	1	0	0	0	0	0
46	52	0	0	1	0	0	0	0	0
46	53	0	0	1	0	0	0	0	0
46	54	0	0	0	0	0	1	0	0
46	55	0	0	0	0	0	1	0	0
46	56	1	0	0	0	0	0	0	0
46	57	0	0	1	0	0	0	0	0
46	58	1	0	0	0	0	0	0	0
46	59	1	0	0	0	0	0	0	0
46	60	1	0	0	0	0	0	0	0
46	61	0	0	1	0	0	0	0	0
46	62	1	0	0	0	0	0	0	0
46	63	0	0	1	0	0	0	0	0
46	64	1	0	0	0	0	0	0	0
46	65	0	0	1	0	0	0	0	0
46	66	0	0	0	1	0	0	0	0
46	67	0	0	0	1	0	0	0	0
46	68	0	0	0	1	0	0	0	0
46	69	0	0	0	1	0	0	0	0
46	70	0	0	0	1	0	0	0	0
46	71	0	0	0	1	0	0	0	0
46	72	0	0	0	1	0	0	0	0
46	73	0	0	0	1	0	0	0	0
46	74	0	0	0	1	0	0	0	0
46	75	0	0	0	0	0	0	1	0
46	76	0	0	0	0	0	0	1	0
46	77	0	0	0	0	0	0	1	0
46	78	0	0	0	0	0	0	1	0
46	79	0	0	0	0	0	0	1	0
46	80	0	0	0	0	0	0	1	0
46	81	0	0	0	0	0	0	1	0
46	82	0	0	0	0	0	0	1	0
46	83	0	0	0	0	0	0	1	0
47	46	0	0	0	0	0	0	1	0
47	47	0	0	0	0	0	0	1	0
47	48	0	0	0	0	0	0	1	0
47	49	0	0	0	0	1	0	0	0
47	50	0	0	0	0	1	0	0	0
47	51	0	0	0	0	1	0	0	0
47	52	0	0	0	0	1	0	0	0
47	53	0	0	0	0	0	1	0	0
47	54	0	0	0	0	0	1	0	0
47	55	0	0	1	0	0	0	0	0
47	56	0	0	0	0	0	1	0	0
47	57	0	0	1	0	0	0	0	0
47	58	0	0	1	0	0	0	0	0
47	59	0	0	1	0	0	0	0	0
47	60	1	0	0	0	0	0	0	0
47	61	0	0	1	0	0	0	0	0
47	62	1	0	0	0	0	0	0	0
47	63	0	0	1	0	0	0	0	0
47	64	0	0	1	0	0	0	0	0
47	65	0	0	1	0	0	0	0	0
47	66	0	0	1	0	0	0	0	0
47	67	0	0	0	1	0	0	0	0
47	68	0	0	1	0	0	0	0	0
47	69	0	0	0	1	0	0	0	0
47	70	0	0	0	1	0	0	0	0
47	71	0	0	0	1	0	0	0	0
47	72	0	0	0	1	0	0	0	0
47	73	0	0	0	1	0	0	0	0
47	74	0	0	0	1	0	0	0	0
47	75	0	0	0	1	0	0	0	0
47	76	0	0	0	1	0	0	0	0
47	77	0	0	0	1	0	0	0	0
47	78	0	0	0	0	0	0	1	0
47	79	0	0	0	0	0	0	1	0
47	80	0	0	0	0	0	1	0	0
47	81	0	0	0	0	0	1	0	0
47	82	0	0	0	0	0	1	0	0
47	83	0	0	0	0	0	1	0	0
47	84	0	0	0	0	0	0	1	0
47	85	0	0	0	0	0	0	1	0
48	47	0	0	0	0	0	0	1	0
48	48	0	0	0	0	0	0	1	0
48	49	0	0	0	0	0	1	0	0
48	50	0	0	0	0	0	1	0	0
48	51	0	0	0	0	0	1	0	0
48	52	0	0	0	0	0	1	0	0
48	53	0	0	0	0	0	1	0	0
48	54	0	0	0	0	0	1	0	0
48	55	0	0	0	0	1	0	0	0
48	56	0	0	1	0	0	0	0	0
48	57	0	0	1	0	0	0	0	0
48	58	1	0	0	0	0	0	0	0
48	59	0	0	1	0	0	0	0	0
48	60	1	0	0	0	0	0	0	0
48	61	0	0	0	0	0	1	0	0
48	62	1	0	0	0	0	0	0	0
48	63	1	0	0	0	0	0	0	0
48	64	1	0	0	0	0	0	0	0
48	65	1	0	0	0	0	0	0	0
48	66	1	0	0	0	0	0	0	0
48	67	0	0	1	0	0	0	0	0
48	68	1	0	0	0	0	0	0	0
48	69	0	0	1	0	0	0	0	0
48	70	0	0	0	1	0	0	0	0
48	71	0	0	0	1	0	0	0	0
48	72	0	0	0	1	0	0	0	0
48	73	0	0	0	1	0	0	0	0
48	74	0	0	0	0	0	1	0	0
48	75	0	0	0	1	0	0	0	0
48	76	0	0	0	1	0	0	0	0
48	77	0	0	0	1	0	0	0	0
48	78	0	0	0	1	0	0	0	0
48	79	0	0	0	1	0	0	0	0
48	80	0	0	0	1	0	0	0	0
48	81	0	0	0	1	0	0	0	0
48	82	0	0	0	0	0	1	0	0
48	83	0	0	0	0	0	1	0	0
48	84	0	0	0	0	0	1	0	0
48	85	0	0	0	0	0	0	1	0
48	86	0	0	0	0	0	0	1	0
49	48	0	0	0	0	0	0	1	0
49	49	0	0	0	0	0	0	1	0
49	50	0	0	0	0	0	0	1	0
49	51	0	0	0	0	1	0	0	0
49	52	0	0	0	0	1	0	0	0
49	53	0	0	0	0	1	0	0	0
49	54	0	0	0	0	1	0	0	0
49	55	0	0	0	0	1	0	0	0
49	56	0	0	1	0	0	0	0	0
49	57	0	0	1	0	0	0	0	0
49	58	0	0	1	0	0	0	0	0
49	59	0	0	1	0	0	0	0	0
49	60	0	0	1	0	0	0	0	0
49	61	0	0	1	0	0	0	0	0
49	62	0	0	1	0	0	0	0	0
49	63	0	0	1	0	0	0	0	0
49	64	1	0	0	0	0	0	0	0
49	65	0	0	1	0	0	0	0	0
49	66	1	0	0	0	0	0	0	0
49	67	0	0	1	0	0	0	0	0
49	68	0	0	1	0	0	0	0	0
49	69	0	0	1	0	0	0	0	0
49	70	0	0	1	0	0	0	0	0
49	71	0	0	1	0	0	0	0	0
49	72	0	0	1	0	0	0	0	0
49	73	0	0	1	0	0	0	0	0
49	74	0	0	1	0	0	0	0	0
49	75	0	0	1	0	0	0	0	0
49	76	0	0	0	1	0	0	0	0
49	77	0	0	0	1	0	0	0	0
49	78	0	0	0	1	0	0	0	0
49	79	0	0	0	1	0	0	0	0
49	80	0	0	0	1	0	0	0	0
49	81	0	0	0	1	0	0	0	0
49	82	0	0	0	1	0	0	0	0
49	83	0	0	0	1	0	0	0	0
49	84	0	0	0	0	0	1	0	0
49	85	0	0	0	0	0	1	0	0
49	86	0	0	0	0	0	1	0	0
49	87	0	0	0	0	0	0	1	0
49	88	0	0	0	0	0	0	1	0
50	49	0	0	0	0	0	0	1	0
50	50	0	0	0	0	0	0	1	0
50	51	0	0	0	0	0	0	1	0
50	52	0	0	0	0	0	0	1	0
50	53	0	0	0	0	1	0	0	0
50	54	0	0	0	0	1	0	0	0
50	55	0	0	0	0	1	0	0	0
50	56	0	0	1	0	0	0	0	0
50	57	0	0	1	0	0	0	0	0
50	58	0	0	1	0	0	0	0	0
50	59	0	0	1	0	0	0	0	0
50	60	0	0	1	0	0	0	0	0
50	61	0	0	1	0	0	0	0	0
50	62	1	0	0	0	0	0	0	0
50	63	0	0	1	0	0	0	0	0
50	64	1	0	0	0	0	0	0	0
50	65	1	0	0	0	0	0	0	0
50	66	1	0	0	0	0	0	0	0
50	67	1	0	0	0	0	0	0	0
50	68	1	0	0	0	0	0	0	0
50	69	1	0	0	0	0	0	0	0
50	70	1	0	0	0	0	0	0	0
50	71	0	0	1	0	0	0	0	0
50	72	1	0	0	0	0	0	0	0
50	73	0	0	0	1	0	0	0	0
50	74	1	0	0	0	0	0	0	0
50	75	0	0	1	0	0	0	0	0
50	76	0	0	0	1	0	0	0	0
50	77	0	0	0	1	0	0	0	0
50	78	0	0	0	1	0	0	0	0
50	79	0	0	0	1	0	0	0	0
50	80	0	0	0	1	0	0	0	0
50	81	0	0	0	1	0	0	0	0
50	82	0	0	0	1	0	0	0	0
50	83	0	0	0	1	0	0	0	0
50	84	0	0	0	1	0	0	0	0
50	85	0	0	0	0	0	0	1	0
50	86	0	0	0	0	0	0	1	0
50	87	0	0	0	0	0	0	1	0
50	88	0	0	0	0	0	0	1	0
50	89	0	0	0	0	0	0	1	0
51	52	0	0	0	0	0	0	1	0
51	53	0	0	0	0	0	0	1	0
51	54	0	0	0	0	1	0	0	0
51	55	0	0	0	0	1	0	0	0
51	56	0	0	0	0	1	0	0	0
51	57	0	0	1	0	0	0	0	0
51	58	0	0	1	0	0	0	0	0
51	59	0	0	1	0	0	0	0	0
51	60	0	0	1	0	0	0	0	0
51	61	0	0	1	0	0	0	0	0
51	62	0	0	1	0	0	0	0	0
51	63	0	0	1	0	0	0	0	0
51	64	0	0	1	0	0	0	0	0
51	65	0	0	1	0	0	0	0	0
51	66	0	0	1	0	0	0	0	0
51	67	0	0	1	0	0	0	0	0
51	68	0	0	1	0	0	0	0	0
51	69	0	0	1	0	0	0	0	0
51	70	1	0	0	0	0	0	0	0
51	71	0	0	1	0	0	0	0	0
51	72	1	0	0	0	0	0	0	0
51	73	0	0	1	0	0	0	0	0
51	74	0	0	0	1	0	0	0	0
51	75	0	0	1	0	0	0	0	0
51	76	0	0	0	1	0	0	0	0
51	77	0	0	0	1	0	0	0	0
51	78	0	0	0	1	0	0	0	0
51	79	0	0	1	0	0	0	0	0
51	80	0	0	0	1	0	0	0	0
51	81	0	0	0	1	0	0	0	0
51	82	0	0	0	1	0	0	0	0
51	83	0	0	0	1	0	0	0	0
51	84	0	0	0	1	0	0	0	0
51	85	0	0	0	1	0	0	0	0
51	86	0	0	0	0	0	0	1	0
51	87	0	0	0	0	0	0	1	0
51	88	0	0	0	0	0	0	1	0
51	89	0	0	0	0	0	0	1	0
51	90	0	0	0	0	0	0	1	0
52	53	0	0	0	0	1	0	0	0
52	54	0	0	0	0	1	0	0	0
52	55	0	0	0	0	1	0	0	0
52	56	0	0	0	0	1	0	0	0
52	57	0	0	0	0	1	0	0	0
52	58	0	0	0	0	1	0	0	0
52	59	0	0	0	0	1	0	0	0
52	60	0	0	1	0	0	0	0	0
52	61	0	0	1	0	0	0	0	0
52	62	0	0	0	0	0	1	0	0
52	63	0	0	1	0	0	0	0	0
52	64	0	0	0	0	0	1	0	0
52	65	0	0	0	0	0	1	0	0
52	66	0	0	1	0	0	0	0	0
52	67	0	0	1	0	0	0	0	0
52	68	1	0	0	0	0	0	0	0
52	69	0	0	1	0	0	0	0	0
52	70	1	0	0	0	0	0	0	0
52	71	1	0	0	0	0	0	0	0
52	72	1	0	0	0	0	0	0	0
52	73	1	0	0	0	0	0	0	0
52	74	1	0	0	0	0	0	0	0
52	75	0	0	1	0	0	0	0	0
52	76	1	0	0	0	0	0	0	0
52	77	0	0	1	0	0	0	0	0
52	78	1	0	0	0	0	0	0	0
52	79	0	0	1	0	0	0	0	0
52	80	0	0	0	1	0	0	0	0
52	81	0	0	1	0	0	0	0	0
52	82	0	0	0	1	0	0	0	0
52	83	0	0	0	1	0	0	0	0
52	84	0	0	0	1	0	0	0	0
52	85	0	0	0	1	0	0	0	0
52	86	0	0	0	1	0	0	0	0
52	87	0	0	0	0	0	0	1	0
52	88	0	0	0	0	0	0	1	0
52	89	0	0	0	0	0	0	1	0
52	90	0	0	0	0	0	0	1	0
52	91	0	0	0	0	0	0	1	0
52	92	0	0	0	0	0	0	1	0
53	55	0	0	0	0	1	0	0	0
53	56	0	0	0	0	1	0	0	0
53	57	0	0	0	0	1	0	0	0
53	58	0	0	0	0	1	0	0	0
53	59	0	0	0	0	1	0	0	0
53	60	0	0	0	0	1	0	0	0
53	61	0	0	0	0	1	0	0	0
53	62	0	0	0	0	0	1	0	0
53	63	0	0	0	0	1	0	0	0
53	64	0	0	0	0	0	1	0	0
53	65	0	0	0	0	0	1	0	0
53	66	0	0	0	0	1	0	0	0
53	67	0	0	0	0	0	1	0	0
53	68	0	0	1	0	0	0	0	0
53	69	0	0	1	0	0	0	0	0
53	70	0	0	1	0	0	0	0	0
53	71	0	0	1	0	0	0	0	0
53	72	0	0	1	0	0	0	0	0
53	73	0	0	1	0	0	0	0	0
53	74	1	0	0	0	0	0	0	0
53	75	0	0	1	0	0	0	0	0
53	76	0	0	0	1	0	0	0	0
53	77	0	0	1	0	0	0	0	0
53	78	0	0	1	0	0	0	0	0
53	79	0	0	0	1	0	0	0	0
53	80	0	0	0	1	0	0	0	0
53	81	0	0	0	1	0	0	0	0
53	82	0	0	0	1	0	0	0	0
53	83	0	0	0	1	0	0	0	0
53	84	0	0	1	0	0	0	0	0
53	85	0	0	0	1	0	0	0	0
53	86	0	0	0	1	0	0	0	0
53	87	0	0	0	1	0	0	0	0
53	88	0	0	0	1	0	0	0	0
53	89	0	0	0	1	0	0	0	0
53	90	0	0	0	0	0	0	1	0
53	91	0	0	0	0	0	0	1	0
53	92	0	0	0	0	0	0	1	0
54	55	0	0	0	0	1	0	0	0
54	56	0	0	0	0	1	0	0	0
54	57	0	0	0	0	1	0	0	0
54	58	0	0	0	0	1	0	0	0
54	59	0	0	0	0	0	1	0	0
54	60	0	0	0	0	1	0	0	0
54	61	0	0	0	0	0	1	0	0
54	62	0	0	0	0	0	1	0	0
54	63	0	0	0	0	0	1	0	0
54	64	0	0	0	0	0	1	0	0
54	65	0	0	0	0	0	1	0	0
54	66	0	0	0	0	0	1	0	0
54	67	0	0	0	0	0	1	0	0
54	68	0	0	0	0	0	1	0	0
54	69	0	0	0	0	0	1	0	0
54	70	1	0	0	0	0	0	0	0
54	71	0	0	1	0	0	0	0	0
54	72	1	0	0	0	0	0	0	0
54	73	0	0	1	0	0	0	0	0
54	74	1	0	0	0	0	0	0	0
54	75	1	0	0	0	0	0	0	0
54	76	1	0	0	0	0	0	0	0
54	77	1	0	0	0	0	0	0	0
54	78	1	0	0	0	0	0	0	0
54	79	0	0	0	1	0	0	0	0
54	80	1	0	0	0	0	0	0	0
54	81	0	0	0	1	0	0	0	0
54	82	1	0	0	0	0	0	0	0
54	83	0	0	0	1	0	0	0	0
54	84	0	0	0	1	0	0	0	0
54	85	0	0	0	1	0	0	0	0
54	86	0	0	0	1	0	0	0	0
54	87	0	0	0	1	0	0	0	0
54	88	0	0	0	1	0	0	0	0
54	89	0	0	0	1	0	0	0	0
54	90	0	0	0	0	0	1	0	0
54	91	0	0	0	0	0	1	0	0
54	92	0	0	0	0	0	1	0	0
54	93	0	0	0	0	0	0	1	0
54	94	0	0	0	0	0	0	1	0
55	57	0	0	0	0	1	0	0	0
55	58	0	0	0	0	1	0	0	0
55	59	0	0	0	0	0	1	0	0
55	60	0	0	0	0	0	1	0	0
55	61	0	0	0	0	1	0	0	0
55	62	0	0	0	0	0	1	0	0
55	63	0	0	0	0	0	1	0	0
55	64	0	0	0	0	0	1	0	0
55	65	0	0	0	0	0	1	0	0
55	66	0	0	0	0	0	1	0	0
55	67	0	0	0	0	0	1	0	0
55	68	0	0	0	0	0	1	0	0
55	69	0	0	0	0	0	1	0	0
55	70	0	0	0	0	0	1	0	0
55	71	0	0	0	0	1	0	0	0
55	72	0	0	1	0	0	0	0	0
55	73	0	0	0	0	0	1	0	0
55	74	0	0	1	0	0	0	0	0
55	75	0	0	1	0	0	0	0	0
55	76	0	0	1	0	0	0	0	0
55	77	0	0	1	0	0	0	0	0
55	78	1	0	0	0	0	0	0	0
55	79	0	0	1	0	0	0	0	0
55	80	0	0	0	1	0	0	0	0
55	81	0	0	0	1	0	0	0	0
55	82	0	0	1	0	0	0	0	0
55	83	0	0	1	0	0	0	0	0
55	84	0	0	0	1	0	0	0	0
55	85	0	0	0	1	0	0	0	0
55	86	0	0	0	1	0	0	0	0
55	87	0	0	0	1	0	0	0	0
55	88	0	0	0	1	0	0	0	0
55	89	0	0	0	1	0	0	0	0
55	90	0	0	0	1	0	0	0	0
55	91	0	0	0	1	0	0	0	0
55	92	0	0	0	1	0	0	0	0
55	93	0	0	0	1	0	0	0	0
55	94	0	0	0	0	0	0	1	0
55	95	0	0	0	0	0	0	1	0
55	96	0	0	0	0	0	0	1	0
55	97	0	0	0	0	0	0	1	0
56	58	0	0	0	0	1	0	0	0
56	59	0	0	0	0	1	0	0	0
56	60	0	0	0	0	1	0	0	0
56	61	0	0	0	0	1	0	0	0
56	62	0	0	0	0	1	0	0	0
56	63	0	0	0	0	1	0	0	0
56	64	0	0	0	0	1	0	0	0
56	65	0	0	0	0	1	0	0	0
56	66	0	0	0	0	1	0	0	0
56	67	0	0	0	0	1	0	0	0
56	68	0	0	0	0	1	0	0	0
56	69	0	0	0	0	1	0	0	0
56	70	0	0	0	0	1	0	0	0
56	71	0	0	0	0	0	1	0	0
56	72	0	0	0	0	0	1	0	0
56	73	0	0	0	0	0	1	0	0
56	74	1	0	0	0	0	0	0	0
56	75	0	0	1	0	0	0	0	0
56	76	1	0	0	0	0	0	0	0
56	77	0	0	1	0	0	0	0	0
56	78	1	0	0	0	0	0	0	0
56	79	1	0	0	0	0	0	0	0
56	80	1	0	0	0	0	0	0	0
56	81	1	0	0	0	0	0	0	0
56	82	1	0	0	0	0	0	0	0
56	83	0	0	1	0	0	0	0	0
56	84	0	0	0	1	0	0	0	0
56	85	0	0	0	1	0	0	0	0
56	86	0	0	0	1	0	0	0	0
56	87	0	0	0	1	0	0	0	0
56	88	0	0	0	1	0	0	0	0
56	89	0	0	0	1	0	0	0	0
56	90	0	0	0	1	0	0	0	0
56	91	0	0	0	1	0	0	0	0
56	92	0	0	0	1	0	0	0	0
56	93	0	0	0	1	0	0	0	0
56	94	0	0	0	0	0	0	1	0
56	95	0	0	0	0	0	0	1	0
56	96	0	0	0	0	0	0	1	0
57	60	0	0	0	0	1	0	0	0
57	63	0	0	0	0	1	0	0	0
57	64	0	0	0	0	1	0	0	0
57	65	0	0	0	0	1	0	0	0
57	66	0	0	0	0	1	0	0	0
57	67	0	0	0	0	1	0	0	0
57	68	0	0	0	0	1	0	0	0
57	69	0	0	0	0	1	0	0	0
57	70	0	0	0	0	1	0	0	0
57	71	0	0	0	0	1	0	0	0
57	72	0	0	0	0	1	0	0	0
57	73	0	0	0	0	1	0	0	0
57	74	0	0	1	0	0	0	0	0
57	75	0	0	1	0	0	0	0	0
57	76	0	0	1	0	0	0	0	0
57	77	0	0	0	0	0	1	0	0
57	78	0	0	1	0	0	0	0	0
57	79	0	0	1	0	0	0	0	0
57	80	0	0	1	0	0	0	0	0
57	81	1	0	0	0	0	0	0	0
57	82	1	0	0	0	0	0	0	0
57	83	0	0	1	0	0	0	0	0
57	84	0	0	0	1	0	0	0	0
57	85	0	0	0	1	0	0	0	0
57	86	0	0	0	1	0	0	0	0
57	87	0	0	0	1	0	0	0	0
57	88	0	0	0	1	0	0	0	0
57	89	0	0	0	1	0	0	0	0
57	90	0	0	0	1	0	0	0	0
57	91	0	0	0	1	0	0	0	0
57	92	0	0	0	1	0	0	0	0
57	93	0	0	0	1	0	0	0	0
57	94	0	0	0	0	0	0	1	0
57	95	0	0	0	0	0	0	1	0
57	96	0	0	0	0	0	0	1	0
58	63	0	0	0	0	1	0	0	0
58	64	0	0	0	0	1	0	0	0
58	65	0	0	0	0	1	0	0	0
58	66	0	0	0	0	1	0	0	0
58	67	0	0	0	0	1	0	0	0
58	68	0	0	0	0	1	0	0	0
58	69	0	0	0	0	1	0	0	0
58	70	0	0	0	0	1	0	0	0
58	71	0	0	0	0	1	0	0	0
58	72	0	0	0	0	0	1	0	0
58	73	0	0	1	0	0	0	0	0
58	74	0	0	0	0	0	1	0	0
58	75	0	0	0	0	0	1	0	0
58	76	0	0	0	0	0	1	0	0
58	77	0	0	1	0	0	0	0	0
58	78	1	0	0	0	0	0	0	0
58	79	0	0	1	0	0	0	0	0
58	80	1	0	0	0	0	0	0	0
58	81	0	0	1	0	0	0	0	0
58	82	1	0	0	0	0	0	0	0
58	83	0	0	1	0	0	0	0	0
58	84	1	0	0	0	0	0	0	0
58	85	0	0	1	0	0	0	0	0
58	86	0	0	0	1	0	0	0	0
58	87	0	0	0	1	0	0	0	0
58	88	0	0	0	1	0	0	0	0
58	89	0	0	0	1	0	0	0	0
58	90	0	0	0	1	0	0	0	0
58	91	0	0	0	1	0	0	0	0
58	92	0	0	0	1	0	0	0	0
58	93	0	0	0	1	0	0	0	0
58	94	0	0	0	1	0	0	0	0
58	95	0	0	0	0	0	0	1	0
58	96	0	0	0	0	0	0	1	0
58	97	0	0	0	0	0	0	1	0
59	62	0	0	0	0	1	0	0	0
59	65	0	0	0	0	1	0	0	0
59	66	0	0	0	0	1	0	0	0
59	67	0	0	0	0	1	0	0	0
59	68	0	0	0	0	1	0	0	0
59	69	0	0	0	0	1	0	0	0
59	70	0	0	0	0	1	0	0	0
59	71	0	0	0	0	1	0	0	0
59	72	0	0	0	0	1	0	0	0
59	73	0	0	0	0	0	1	0	0
59	74	0	0	0	0	0	1	0	0
59	75	0	0	0	0	0	1	0	0
59	76	0	0	1	0	0	0	0	0
59	77	0	0	0	0	0	1	0	0
59	78	0	0	1	0	0	0	0	0
59	79	0	0	1	0	0	0	0	0
59	80	0	0	1	0	0	0	0	0
59	81	0	0	1	0	0	0	0	0
59	82	1	0	0	0	0	0	0	0
59	83	0	0	1	0	0	0	0	0
59	84	0	0	1	0	0	0	0	0
59	85	0	0	0	1	0	0	0	0
59	86	0	0	0	1	0	0	0	0
59	87	0	0	0	1	0	0	0	0
59	88	0	0	0	1	0	0	0	0
59	89	0	0	0	1	0	0	0	0
59	90	0	0	1	0	0	0	0	0
59	91	0	0	1	0	0	0	0	0
59	92	0	0	0	1	0	0	0	0
59	93	0	0	0	1	0	0	0	0
59	94	0	0	0	1	0	0	0	0
59	95	0	0	0	1	0	0	0	0
59	96	0	0	0	1	0	0	0	0
60	65	0	0	0	0	1	0	0	0
60	67	0	0	0	0	1	0	0	0
60	68	0	0	0	0	1	0	0	0
60	69	0	0	0	0	1	0	0	0
60	70	0	0	0	0	1	0	0	0
60	71	0	0	0	0	1	0	0	0
60	72	0	0	0	0	1	0	0	0
60	73	0	0	0	0	1	0	0	0
60	74	0	0	0	0	0	1	0	0
60	75	0	0	0	0	0	1	0	0
60	76	0	0	0	0	0	1	0	0
60	77	0	0	0	0	1	0	0	0
60	78	0	0	0	0	0	1	0	0
60	79	0	0	1	0	0	0	0	0
60	80	0	0	1	0	0	0	0	0
60	81	0	0	1	0	0	0	0	0
60	82	1	0	0	0	0	0	0	0
60	83	1	0	0	0	0	0	0	0
60	84	1	0	0	0	0	0	0	0
60	85	1	0	0	0	0	0	0	0
60	86	1	0	0	0	0	0	0	0
60	87	0	0	0	1	0	0	0	0
60	88	1	0	0	0	0	0	0	0
60	89	0	0	1	0	0	0	0	0
60	90	1	0	0	0	0	0	0	0
60	91	0	0	1	0	0	0	0	0
60	92	0	0	0	1	0	0	0	0
60	93	0	0	0	1	0	0	0	0
60	94	0	0	0	1	0	0	0	0
60	95	0	0	0	1	0	0	0	0
60	96	0	0	0	1	0	0	0	0
60	97	0	0	0	1	0	0	0	0
60	98	0	0	0	0	0	0	1	0
60	99	0	0	0	0	0	0	1	0
60	100	0	0	0	0	0	0	1	0
60	101	0	0	0	0	0	0	1	0
61	67	0	0	0	0	1	0	0	0
61	68	0	0	0	0	1	0	0	0
61	69	0	0	0	0	1	0	0	0
61	70	0	0	0	0	1	0	0	0
61	71	0	0	0	0	1	0	0	0
61	72	0	0	0	0	1	0	0	0
61	73	0	0	0	0	1	0	0	0
61	74	0	0	0	0	0	1	0	0
61	75	0	0	0	0	0	1	0	0
61	76	0	0	0	0	0	1	0	0
61	77	0	0	0	0	0	1	0	0
61	78	0	0	0	0	0	1	0	0
61	79	0	0	1	0	0	0	0	0
61	80	0	0	1	0	0	0	0	0
61	81	0	0	1	0	0	0	0	0
61	82	0	0	1	0	0	0	0	0
61	83	0	0	1	0	0	0	0	0
61	84	0	0	1	0	0	0	0	0
61	85	0	0	1	0	0	0	0	0
61	86	0	0	0	1	0	0	0	0
61	87	0	0	1	0	0	0	0	0
61	88	0	0	0	1	0	0	0	0
61	89	0	0	1	0	0	0	0	0
61	90	0	0	1	0	0	0	0	0
61	91	0	0	1	0	0	0	0	0
61	92	0	0	1	0	0	0	0	0
61	93	0	0	1	0	0	0	0	0
61	94	0	0	0	1	0	0	0	0
61	95	0	0	0	1	0	0	0	0
61	96	0	0	0	1	0	0	0	0
61	97	0	0	0	1	0	0	0	0
61	98	0	0	0	1	0	0	0	0
61	99	0	0	0	0	0	0	1	0
61	100	0	0	0	0	0	0	1	0
61	101	0	0	0	0	0	0	1	0
61	102	0	0	0	0	0	0	1	0
62	67	0	0	0	0	1	0	0	0
62	68	0	0	0	0	1	0	0	0
62	69	0	0	0	0	1	0	0	0
62	70	0	0	0	0	1	0	0	0
62	71	0	0	0	0	1	0	0	0
62	72	0	0	0	0	1	0	0	0
62	73	0	0	0	0	1	0	0	0
62	74	0	0	0	0	1	0	0	0
62	75	0	0	0	0	1	0	0	0
62	76	0	0	0	0	1	0	0	0
62	77	0	0	0	0	0	1	0	0
62	78	0	0	0	0	0	1	0	0
62	79	0	0	0	0	0	1	0	0
62	80	0	0	1	0	0	0	0	0
62	81	0	0	1	0	0	0	0	0
62	82	1	0	0	0	0	0	0	0
62	83	0	0	1	0	0	0	0	0
62	84	0	0	1	0	0	0	0	0
62	85	1	0	0	0	0	0	0	0
62	86	1	0	0	0	0	0	0	0
62	87	1	0	0	0	0	0	0	0
62	88	1	0	0	0	0	0	0	0
62	89	0	0	1	0	0	0	0	0
62	90	1	0	0	0	0	0	0	0
62	91	0	0	1	0	0	0	0	0
62	92	1	0	0	0	0	0	0	0
62	93	0	0	0	1	0	0	0	0
62	94	0	0	0	1	0	0	0	0
62	95	0	0	1	0	0	0	0	0
62	96	0	0	0	1	0	0	0	0
62	97	0	0	0	1	0	0	0	0
62	98	0	0	0	1	0	0	0	0
62	99	0	0	0	1	0	0	0	0
62	100	0	0	0	1	0	0	0	0
62	101	0	0	0	0	0	0	1	0
62	102	0	0	0	0	0	0	1	0
62	103	0	0	0	0	0	0	1	0
63	67	0	0	0	0	1	0	0	0
63	68	0	0	0	0	1	0	0	0
63	71	0	0	0	0	1	0	0	0
63	72	0	0	0	0	1	0	0	0
63	73	0	0	0	0	1	0	0	0
63	74	0	0	0	0	1	0	0	0
63	75	0	0	0	0	1	0	0	0
63	76	0	0	0	0	0	1	0	0
63	77	0	0	0	0	1	0	0	0
63	78	0	0	1	0	0	0	0	0
63	79	0	0	1	0	0	0	0	0
63	80	0	0	1	0	0	0	0	0
63	81	0	0	1	0	0	0	0	0
63	82	0	0	1	0	0	0	0	0
63	83	0	0	0	0	0	1	0	0
63	84	0	0	1	0	0	0	0	0
63	85	0	0	1	0	0	0	0	0
63	86	0	0	0	0	0	1	0	0
63	87	0	0	1	0	0	0	0	0
63	88	1	0	0	0	0	0	0	0
63	89	0	0	1	0	0	0	0	0
63	90	1	0	0	0	0	0	0	0
63	91	0	0	1	0	0	0	0	0
63	92	0	0	0	1	0	0	0	0
63	93	0	0	0	1	0	0	0	0
63	94	0	0	0	1	0	0	0	0
63	95	0	0	0	1	0	0	0	0
63	96	0	0	1	0	0	0	0	0
63	97	0	0	1	0	0	0	0	0
63	98	0	0	0	1	0	0	0	0
63	99	0	0	0	1	0	0	0	0
63	100	0	0	0	1	0	0	0	0
63	101	0	0	0	1	0	0	0	0
63	102	0	0	0	1	0	0	0	0
63	103	0	0	0	0	0	0	1	0
63	104	0	0	0	0	0	0	1	0
63	105	0	0	0	0	0	0	1	0
64	71	0	0	0	0	1	0	0	0
64	73	0	0	0	0	1	0	0	0
64	74	0	0	0	0	1	0	0	0
64	75	0	0	0	0	1	0	0	0
64	76	0	0	0	0	1	0	0	0
64	77	0	0	0	0	1	0	0	0
64	78	0	0	0	0	0	1	0	0
64	79	0	0	1	0	0	0	0	0
64	80	0	0	1	0	0	0	0	0
64	81	0	0	1	0	0	0	0	0
64	82	0	0	0	0	0	1	0	0
64	83	0	0	1	0	0	0	0	0
64	84	0	0	1	0	0	0	0	0
64	85	0	0	1	0	0	0	0	0
64	86	0	0	1	0	0	0	0	0
64	87	0	0	1	0	0	0	0	0
64	88	1	0	0	0	0	0	0	0
64	89	0	0	1	0	0	0	0	0
64	90	1	0	0	0	0	0	0	0
64	91	1	0	0	0	0	0	0	0
64	92	1	0	0	0	0	0	0	0
64	93	1	0	0	0	0	0	0	0
64	94	1	0	0	0	0	0	0	0
64	95	0	0	1	0	0	0	0	0
64	96	1	0	0	0	0	0	0	0
64	97	0	0	1	0	0	0	0	0
64	98	0	0	1	0	0	0	0	0
64	99	0	0	0	1	0	0	0	0
64	100	0	0	0	1	0	0	0	0
64	101	0	0	0	1	0	0	0	0
64	102	0	0	0	1	0	0	0	0
64	103	0	0	0	0	0	0	1	0
64	104	0	0	0	0	0	0	1	0
64	105	0	0	0	0	0	0	1	0
64	106	0	0	0	0	0	0	1	0
65	70	0	0	0	0	1	0	0	0
65	74	0	0	0	0	1	0	0	0
65	75	0	0	0	0	1	0	0	0
65	76	0	0	0	0	1	0	0	0
65	77	0	0	0	0	1	0	0	0
65	78	0	0	0	0	1	0	0	0
65	79	0	0	0	0	1	0	0	0
65	80	0	0	0	0	0	1	0	0
65	81	0	0	0	0	1	0	0	0
65	82	0	0	0	0	0	1	0	0
65	83	0	0	0	0	1	0	0	0
65	84	0	0	0	0	0	1	0	0
65	85	0	0	0	0	0	1	0	0
65	86	0	0	1	0	0	0	0	0
65	87	0	0	1	0	0	0	0	0
65	88	0	0	1	0	0	0	0	0
65	89	0	0	1	0	0	0	0	0
65	90	0	0	1	0	0	0	0	0
65	91	0	0	1	0	0	0	0	0
65	92	0	0	1	0	0	0	0	0
65	93	0	0	1	0	0	0	0	0
65	94	1	0	0	0	0	0	0	0
65	95	0	0	1	0	0	0	0	0
65	96	0	0	1	0	0	0	0	0
65	97	0	0	1	0	0	0	0	0
65	98	0	0	1	0	0	0	0	0
65	99	0	0	1	0	0	0	0	0
65	100	0	0	0	1	0	0	0	0
65	101	0	0	0	1	0	0	0	0
65	102	0	0	0	1	0	0	0	0
65	103	0	0	0	1	0	0	0	0
65	104	0	0	0	0	0	0	1	0
65	105	0	0	0	0	0	0	1	0
65	106	0	0	0	0	0	0	1	0
65	107	0	0	0	0	0	0	1	0
66	73	0	0	0	0	1	0	0	0
66	74	0	0	0	0	1	0	0	0
66	75	0	0	0	0	1	0	0	0
66	76	0	0	0	0	1	0	0	0
66	77	0	0	0	0	1	0	0	0
66	78	0	0	0	0	1	0	0	0
66	79	0	0	0	0	1	0	0	0
66	80	0	0	0	0	0	1	0	0
66	81	0	0	0	0	1	0	0	0
66	82	0	0	0	0	0	1	0	0
66	83	0	0	0	0	1	0	0	0
66	84	0	0	0	0	1	0	0	0
66	85	0	0	0	0	1	0	0	0
66	86	0	0	1	0	0	0	0	0
66	87	0	0	1	0	0	0	0	0
66	88	0	0	1	0	0	0	0	0
66	89	0	0	1	0	0	0	0	0
66	90	1	0	0	0	0	0	0	0
66	91	0	0	1	0	0	0	0	0
66	92	1	0	0	0	0	0	0	0
66	93	0	0	1	0	0	0	0	0
66	94	1	0	0	0	0	0	0	0
66	95	1	0	0	0	0	0	0	0
66	96	1	0	0	0	0	0	0	0
66	97	1	0	0	0	0	0	0	0
66	98	1	0	0	0	0	0	0	0
66	99	0	0	1	0	0	0	0	0
66	100	0	0	1	0	0	0	0	0
66	101	0	0	1	0	0	0	0	0
66	102	0	0	0	1	0	0	0	0
66	103	0	0	0	0	0	0	0	1
66	104	0	0	0	0	0	0	0	1
66	105	0	0	0	0	0	0	1	0
66	106	0	0	0	0	0	0	1	0
66	107	0	0	0	0	0	0	1	0
66	108	0	0	0	0	0	0	1	0
67	73	0	0	0	0	1	0	0	0
67	74	0	0	0	0	1	0	0	0
67	75	0	0	0	0	1	0	0	0
67	77	0	0	0	0	1	0	0	0
67	78	0	0	0	0	1	0	0	0
67	79	0	0	0	0	1	0	0	0
67	80	0	0	0	0	1	0	0	0
67	81	0	0	0	0	1	0	0	0
67	82	0	0	0	0	1	0	0	0
67	83	0	0	0	0	1	0	0	0
67	84	0	0	0	0	1	0	0	0
67	85	0	0	0	0	1	0	0	0
67	86	0	0	0	0	1	0	0	0
67	87	0	0	0	0	0	1	0	0
67	88	0	0	0	0	0	1	0	0
67	89	0	0	1	0	0	0	0	0
67	90	0	0	0	0	0	1	0	0
67	91	0	0	0	0	0	1	0	0
67	92	0	0	1	0	0	0	0	0
67	93	0	0	1	0	0	0	0	0
67	94	0	0	1	0	0	0	0	0
67	95	0	0	1	0	0	0	0	0
67	96	0	0	1	0	0	0	0	0
67	97	0	0	1	0	0	0	0	0
67	98	1	0	0	0	0	0	0	0
67	99	0	0	1	0	0	0	0	0
67	100	0	0	1	0	0	0	0	0
67	101	0	0	1	0	0	0	0	0
67	102	0	0	1	0	0	0	0	0
67	103	0	0	1	0	0	0	0	0
67	104	0	0	0	0	0	0	0	1
67	105	0	0	0	0	0	0	0	1
67	106	0	0	0	0	0	0	1	0
67	107	0	0	0	0	0	0	1	0
67	108	0	0	0	0	0	0	1	0
67	109	0	0	0	0	0	0	1	0
68	76	0	0	0	0	1	0	0	0
68	77	0	0	0	0	1	0	0	0
68	78	0	0	0	0	1	0	0	0
68	79	0	0	0	0	1	0	0	0
68	80	0	0	0	0	1	0	0	0
68	81	0	0	0	0	1	0	0	0
68	82	0	0	0	0	1	0	0	0
68	83	0	0	0	0	0	1	0	0
68	84	0	0	0	0	1	0	0	0
68	85	0	0	0	0	1	0	0	0
68	86	0	0	0	0	1	0	0	0
68	87	0	0	0	0	0	1	0	0
68	88	0	0	0	0	1	0	0	0
68	89	0	0	0	0	0	1	0	0
68	90	0	0	0	0	0	1	0	0
68	91	0	0	0	0	0	1	0	0
68	92	0	0	0	0	0	1	0	0
68	93	0	0	1	0	0	0	0	0
68	94	1	0	0	0	0	0	0	0
68	95	0	0	1	0	0	0	0	0
68	96	1	0	0	0	0	0	0	0
68	97	0	0	1	0	0	0	0	0
68	98	1	0	0	0	0	0	0	0
68	99	1	0	0	0	0	0	0	0
68	100	1	0	0	0	0	0	0	0
68	101	0	0	1	0	0	0	0	0
68	102	1	0	0	0	0	0	0	0
68	103	0	0	1	0	0	0	0	0
68	104	0	0	1	0	0	0	0	0
68	105	0	0	1	0	0	0	0	0
68	106	0	0	0	0	0	0	0	1
68	107	0	0	1	0	0	0	0	0
68	108	0	0	0	0	0	0	1	0
68	109	0	0	0	0	0	0	1	0
68	110	0	0	0	0	0	0	1	0
69	76	0	0	0	0	1	0	0	0
69	77	0	0	0	0	1	0	0	0
69	78	0	0	0	0	1	0	0	0
69	79	0	0	0	0	1	0	0	0
69	80	0	0	0	0	1	0	0	0
69	81	0	0	0	0	1	0	0	0
69	82	0	0	0	0	1	0	0	0
69	83	0	0	0	0	0	1	0	0
69	84	0	0	0	0	1	0	0	0
69	85	0	0	0	0	1	0	0	0
69	86	0	0	0	0	1	0	0	0
69	87	0	0	0	0	1	0	0	0
69	88	0	0	0	0	0	1	0	0
69	89	0	0	0	0	0	1	0	0
69	90	0	0	0	0	0	1	0	0
69	91	0	0	0	0	0	1	0	0
69	92	0	0	1	0	0	0	0	0
69	93	0	0	0	0	0	1	0	0
69	94	0	0	1	0	0	0	0	0
69	95	0	0	0	0	0	1	0	0
69	96	0	0	1	0	0	0	0	0
69	97	0	0	1	0	0	0	0	0
69	98	0	0	1	0	0	0	0	0
69	99	0	0	1	0	0	0	0	0
69	100	1	0	0	0	0	0	0	0
69	101	0	0	1	0	0	0	0	0
69	102	0	0	1	0	0	0	0	0
69	103	0	0	1	0	0	0	0	0
69	104	0	0	1	0	0	0	0	0
69	105	0	0	1	0	0	0	0	0
69	106	0	0	1	0	0	0	0	0
69	107	0	0	1	0	0	0	0	0
69	108	0	0	0	0	0	0	0	1
69	109	0	0	0	0	0	0	1	0
69	110	0	0	0	0	0	0	1	0
69	111	0	0	0	0	0	0	1	0
69	112	0	0	0	0	0	0	1	0
70	79	0	0	0	0	1	0	0	0
70	81	0	0	0	0	1	0	0	0
70	82	0	0	0	0	1	0	0	0
70	83	0	0	0	0	0	1	0	0
70	84	0	0	0	0	1	0	0	0
70	85	0	0	0	0	1	0	0	0
70	86	0	0	0	0	0	1	0	0
70	87	0	0	0	0	0	1	0	0
70	88	0	0	0	0	1	0	0	0
70	89	0	0	0	0	1	0	0	0
70	90	0	0	0	0	1	0	0	0
70	91	0	0	0	0	0	1	0	0
70	92	0	0	0	0	0	1	0	0
70	93	0	0	0	0	0	1	0	0
70	94	0	0	0	0	0	1	0	0
70	95	0	0	0	0	0	1	0	0
70	96	0	0	0	0	0	1	0	0
70	97	0	0	1	0	0	0	0	0
70	98	1	0	0	0	0	0	0	0
70	99	0	0	1	0	0	0	0	0
70	100	1	0	0	0	0	0	0	0
70	101	1	0	0	0	0	0	0	0
70	102	1	0	0	0	0	0	0	0
70	103	1	0	0	0	0	0	0	0
70	104	1	0	0	0	0	0	0	0
70	105	0	0	1	0	0	0	0	0
70	106	1	0	0	0	0	0	0	0
70	107	0	0	1	0	0	0	0	0
70	108	0	0	1	0	0	0	0	0
70	109	0	0	0	0	0	0	0	1
70	110	0	0	0	0	0	0	0	1
70	111	0	0	0	0	0	0	1	0
70	112	0	0	0	0	0	0	1	0
70	113	0	0	0	0	0	0	1	0
70	114	0	0	0	0	0	0	1	0
70	115	0	0	0	0	0	0	1	0
71	79	0	0	0	0	1	0	0	0
71	80	0	0	0	0	1	0	0	0
71	81	0	0	0	0	1	0	0	0
71	82	0	0	0	0	1	0	0	0
71	83	0	0	0	0	1	0	0	0
71	84	0	0	0	0	1	0	0	0
71	85	0	0	0	0	1	0	0	0
71	86	0	0	0	0	0	1	0	0
71	87	0	0	0	0	0	1	0	0
71	88	0	0	0	0	0	1	0	0
71	89	0	0	0	0	0	1	0	0
71	90	0	0	0	0	1	0	0	0
71	91	0	0	0	0	1	0	0	0
71	92	0	0	0	0	0	1	0	0
71	93	0	0	0	0	1	0	0	0
71	94	0	0	0	0	0	1	0	0
71	95	0	0	0	0	0	1	0	0
71	96	0	0	0	0	0	1	0	0
71	97	0	0	1	0	0	0	0	0
71	98	0	0	0	0	0	1	0	0
71	99	0	0	1	0	0	0	0	0
71	100	0	0	1	0	0	0	0	0
71	101	0	0	1	0	0	0	0	0
71	102	0	0	1	0	0	0	0	0
71	103	0	0	1	0	0	0	0	0
71	104	1	0	0	0	0	0	0	0
71	105	1	0	0	0	0	0	0	0
71	106	0	0	1	0	0	0	0	0
71	107	0	0	1	0	0	0	0	0
71	108	0	0	1	0	0	0	0	0
71	109	0	0	1	0	0	0	0	0
71	110	0	0	0	0	0	0	0	1
71	111	0	0	0	0	0	0	0	1
71	112	0	0	0	0	0	0	0	1
71	113	0	0	0	0	0	0	0	1
71	114	0	0	0	0	0	0	1	0
71	115	0	0	0	0	0	0	1	0
71	116	0	0	0	0	0	0	1	0
71	117	0	0	0	0	0	0	1	0
72	82	0	0	0	0	1	0	0	0
72	83	0	0	0	0	1	0	0	0
72	84	0	0	0	0	1	0	0	0
72	85	0	0	0	0	1	0	0	0
72	86	0	0	0	0	1	0	0	0
72	87	0	0	0	0	1	0	0	0
72	88	0	0	0	0	1	0	0	0
72	89	0	0	0	0	1	0	0	0
72	90	0	0	0	0	1	0	0	0
72	91	0	0	0	0	1	0	0	0
72	92	0	0	0	0	1	0	0	0
72	93	0	0	0	0	1	0	0	0
72	94	0	0	0	0	1	0	0	0
72	95	0	0	0	0	0	1	0	0
72	96	0	0	0	0	0	1	0	0
72	97	0	0	0	0	0	1	0	0
72	98	0	0	0	0	0	1	0	0
72	99	0	0	1	0	0	0	0	0
72	100	0	0	1	0	0	0	0	0
72	101	0	0	1	0	0	0	0	0
72	102	1	0	0	0	0	0	0	0
72	103	0	0	1	0	0	0	0	0
72	104	1	0	0	0	0	0	0	0
72	105	1	0	0	0	0	0	0	0
72	106	1	0	0	0	0	0	0	0
72	107	1	0	0	0	0	0	0	0
72	108	1	0	0	0	0	0	0	0
72	109	0	0	1	0	0	0	0	0
72	110	0	0	1	0	0	0	0	0
72	111	0	0	1	0	0	0	0	0
72	112	0	0	1	0	0	0	0	0
72	113	0	0	1	0	0	0	0	0
72	114	0	0	0	0	0	0	0	1
72	115	0	0	0	0	0	0	1	0
72	116	0	0	0	0	0	0	1	0
72	117	0	0	0	0	0	0	1	0
72	118	0	0	0	0	0	0	1	0
73	82	0	0	0	0	1	0	0	0
73	83	0	0	0	0	1	0	0	0
73	84	0	0	0	0	1	0	0	0
73	85	0	0	0	0	1	0	0	0
73	86	0	0	0	0	1	0	0	0
73	87	0	0	0	0	1	0	0	0
73	88	0	0	0	0	1	0	0	0
73	89	0	0	0	0	0	1	0	0
73	90	0	0	0	0	0	1	0	0
73	91	0	0	0	0	1	0	0	0
73	92	0	0	0	0	1	0	0	0
73	93	0	0	0	0	1	0	0	0
73	94	0	0	0	0	0	1	0	0
73	95	0	0	0	0	0	1	0	0
73	96	0	0	0	0	0	1	0	0
73	97	0	0	0	0	0	1	0	0
73	98	0	0	0	0	0	1	0	0
73	99	0	0	0	0	0	1	0	0
73	100	0	0	0	0	1	0	0	0
73	101	0	0	0	0	1	0	0	0
73	102	0	0	0	0	1	0	0	0
73	103	0	0	1	0	0	0	0	0
73	104	0	0	1	0	0	0	0	0
73	105	0	0	1	0	0	0	0	0
73	106	0	0	1	0	0	0	0	0
73	107	1	0	0	0	0	0	0	0
73	108	1	0	0	0	0	0	0	0
73	109	0	0	1	0	0	0	0	0
73	110	0	0	1	0	0	0	0	0
73	111	0	0	1	0	0	0	0	0
73	112	0	0	1	0	0	0	0	0
73	113	0	0	1	0	0	0	0	0
73	114	0	0	0	0	0	0	1	0
73	115	0	0	0	0	0	0	1	0
73	116	0	0	0	0	0	0	1	0
73	117	0	0	0	0	0	0	1	0
73	118	0	0	0	0	0	0	1	0
73	119	0	0	0	0	0	0	1	0
73	120	0	0	0	0	0	0	1	0
73	121	0	0	0	0	0	0	1	0
74	83	0	0	0	0	1	0	0	0
74	84	0	0	0	0	1	0	0	0
74	85	0	0	0	0	1	0	0	0
74	86	0	0	0	0	1	0	0	0
74	87	0	0	0	0	1	0	0	0
74	88	0	0	0	0	1	0	0	0
74	89	0	0	0	0	1	0	0	0
74	90	0	0	0	0	1	0	0	0
74	91	0	0	0	0	1	0	0	0
74	92	0	0	0	0	1	0	0	0
74	93	0	0	0	0	1	0	0	0
74	94	0	0	0	0	1	0	0	0
74	95	0	0	0	0	1	0	0	0
74	96	0	0	0	0	1	0	0	0
74	97	0	0	0	0	1	0	0	0
74	98	0	0	0	0	1	0	0	0
74	99	0	0	0	0	0	1	0	0
74	100	0	0	0	0	1	0	0	0
74	101	0	0	0	0	0	1	0	0
74	102	0	0	1	0	0	0	0	0
74	103	0	0	1	0	0	0	0	0
74	104	0	0	1	0	0	0	0	0
74	105	0	0	1	0	0	0	0	0
74	106	1	0	0	0	0	0	0	0
74	107	0	0	1	0	0	0	0	0
74	108	1	0	0	0	0	0	0	0
74	109	1	0	0	0	0	0	0	0
74	110	1	0	0	0	0	0	0	0
74	111	0	0	1	0	0	0	0	0
74	112	1	0	0	0	0	0	0	0
74	113	0	0	1	0	0	0	0	0
74	114	0	0	1	0	0	0	0	0
74	115	0	0	1	0	0	0	0	0
74	116	0	0	1	0	0	0	0	0
74	117	0	0	0	0	0	0	1	0
74	118	0	0	0	0	0	0	1	0
74	119	0	0	0	0	0	0	1	0
74	120	0	0	0	0	0	0	1	0
74	121	0	0	0	0	0	0	1	0
74	122	0	0	0	0	0	0	1	0
74	123	0	0	0	0	0	0	1	0
75	84	0	0	0	0	1	0	0	0
75	85	0	0	0	0	1	0	0	0
75	86	0	0	0	0	1	0	0	0
75	87	0	0	0	0	1	0	0	0
75	88	0	0	0	0	1	0	0	0
75	89	0	0	0	0	1	0	0	0
75	90	0	0	0	0	1	0	0	0
75	91	0	0	0	0	1	0	0	0
75	92	0	0	0	0	1	0	0	0
75	93	0	0	0	0	1	0	0	0
75	94	0	0	0	0	1	0	0	0
75	95	0	0	0	0	0	1	0	0
75	96	0	0	0	0	1	0	0	0
75	97	0	0	0	0	0	1	0	0
75	98	0	0	0	0	1	0	0	0
75	99	0	0	0	0	0	1	0	0
75	100	0	0	0	0	1	0	0	0
75	101	0	0	0	0	1	0	0	0
75	102	0	0	0	0	0	1	0	0
75	103	0	0	0	0	0	1	0	0
75	104	0	0	1	0	0	0	0	0
75	105	0	0	1	0	0	0	0	0
75	106	0	0	1	0	0	0	0	0
75	107	0	0	1	0	0	0	0	0
75	108	0	0	1	0	0	0	0	0
75	109	0	0	1	0	0	0	0	0
75	110	1	0	0	0	0	0	0	0
75	111	0	0	1	0	0	0	0	0
75	112	1	0	0	0	0	0	0	0
75	113	0	0	1	0	0	0	0	0
75	114	0	0	1	0	0	0	0	0
75	115	0	0	1	0	0	0	0	0
75	116	0	0	1	0	0	0	0	0
75	117	0	0	1	0	0	0	0	0
75	118	0	0	0	0	0	0	1	0
75	119	0	0	0	0	0	0	1	0
75	120	0	0	0	0	0	0	1	0
75	121	0	0	0	0	0	0	1	0
75	122	0	0	0	0	0	0	1	0
75	123	0	0	0	0	0	0	1	0
75	124	0	0	0	0	0	0	1	0
76	85	0	0	0	0	1	0	0	0
76	86	0	0	0	0	1	0	0	0
76	87	0	0	0	0	1	0	0	0
76	88	0	0	0	0	1	0	0	0
76	89	0	0	0	0	1	0	0	0
76	90	0	0	0	0	1	0	0	0
76	91	0	0	0	0	1	0	0	0
76	92	0	0	0	0	1	0	0	0
76	93	0	0	0	0	1	0	0	0
76	94	0	0	0	0	1	0	0	0
76	95	0	0	0	0	1	0	0	0
76	96	0	0	0	0	1	0	0	0
76	97	0	0	0	0	1	0	0	0
76	98	0	0	0	0	1	0	0	0
76	99	0	0	0	0	0	1	0	0
76	100	0	0	0	0	0	1	0	0
76	101	0	0	0	0	0	1	0	0
76	102	0	0	0	0	1	0	0	0
76	103	0	0	0	0	1	0	0	0
76	104	0	0	0	0	1	0	0	0
76	105	0	0	1	0	0	0	0	0
76	106	0	0	1	0	0	0	0	0
76	107	0	0	1	0	0	0	0	0
76	108	1	0	0	0	0	0	0	0
76	109	0	0	1	0	0	0	0	0
76	110	1	0	0	0	0	0	0	0
76	111	1	0	0	0	0	0	0	0
76	112	1	0	0	0	0	0	0	0
76	113	1	0	0	0	0	0	0	0
76	114	1	0	0	0	0	0	0	0
76	115	0	0	1	0	0	0	0	0
76	116	1	0	0	0	0	0	0	0
76	117	0	0	1	0	0	0	0	0
76	118	0	0	1	0	0	0	0	0
76	119	0	0	1	0	0	0	0	0
76	120	0	0	1	0	0	0	0	0
76	121	0	0	1	0	0	0	0	0
76	122	0	0	0	0	0	0	1	0
76	123	0	0	0	0	0	0	1	0
76	124	0	0	0	0	0	0	1	0
76	125	0	0	0	0	0	0	1	0
76	126	0	0	0	0	0	0	1	0
76	127	0	0	0	0	0	0	1	0
77	87	0	0	0	0	1	0	0	0
77	88	0	0	0	0	1	0	0	0
77	89	0	0	0	0	1	0	0	0
77	90	0	0	0	0	1	0	0	0
77	91	0	0	0	0	1	0	0	0
77	92	0	0	0	0	1	0	0	0
77	93	0	0	0	0	1	0	0	0
77	94	0	0	0	0	1	0	0	0
77	95	0	0	0	0	1	0	0	0
77	96	0	0	0	0	1	0	0	0
77	97	0	0	0	0	1	0	0	0
77	98	0	0	0	0	1	0	0	0
77	99	0	0	0	0	1	0	0	0
77	100	0	0	0	0	1	0	0	0
77	101	0	0	0	0	1	0	0	0
77	102	0	0	0	0	1	0	0	0
77	103	0	0	0	0	1	0	0	0
77	104	0	0	0	0	1	0	0	0
77	105	0	0	0	0	1	0	0	0
77	106	0	0	0	0	0	1	0	0
77	107	0	0	0	0	0	1	0	0
77	108	0	0	1	0	0	0	0	0
77	109	0	0	1	0	0	0	0	0
77	110	0	0	1	0	0	0	0	0
77	111	0	0	1	0	0	0	0	0
77	112	0	0	0	0	0	1	0	0
77	113	0	0	1	0	0	0	0	0
77	114	1	0	0	0	0	0	0	0
77	115	0	0	1	0	0	0	0	0
77	116	1	0	0	0	0	0	0	0
77	117	0	0	1	0	0	0	0	0
77	118	0	0	1	0	0	0	0	0
77	119	0	0	1	0	0	0	0	0
77	120	0	0	1	0	0	0	0	0
77	121	0	0	1	0	0	0	0	0
77	122	0	0	0	0	0	0	0	1
77	123	0	0	0	0	0	0	1	0
77	124	0	0	0	0	0	0	1	0
77	125	0	0	0	0	0	0	1	0
77	126	0	0	0	0	0	0	1	0
77	127	0	0	0	0	0	0	1	0
77	128	0	0	0	0	0	0	1	0
78	88	0	0	0	0	1	0	0	0
78	89	0	0	0	0	1	0	0	0
78	90	0	0	0	0	1	0	0	0
78	91	0	0	0	0	1	0	0	0
78	92	0	0	0	0	1	0	0	0
78	93	0	0	0	0	1	0	0	0
78	94	0	0	0	0	1	0	0	0
78	95	0	0	0	0	1	0	0	0
78	96	0	0	0	0	1	0	0	0
78	97	0	0	0	0	1	0	0	0
78	98	0	0	0	0	1	0	0	0
78	99	0	0	0	0	1	0	0	0
78	100	0	0	0	0	1	0	0	0
78	101	0	0	0	0	1	0	0	0
78	102	0	0	0	0	1	0	0	0
78	103	0	0	0	0	1	0	0	0
78	104	0	0	0	0	0	1	0	0
78	105	0	0	0	0	0	1	0	0
78	106	0	0	0	0	0	1	0	0
78	107	0	0	0	0	0	1	0	0
78	108	0	0	0	0	0	1	0	0
78	109	0	0	0	0	0	1	0	0
78	110	0	0	1	0	0	0	0	0
78	111	0	0	0	0	0	1	0	0
78	112	1	0	0	0	0	0	0	0
78	113	0	0	1	0	0	0	0	0
78	114	1	0	0	0	0	0	0	0
78	115	0	0	1	0	0	0	0	0
78	116	1	0	0	0	0	0	0	0
78	117	1	0	0	0	0	0	0	0
78	118	1	0	0	0	0	0	0	0
78	119	0	0	1	0	0	0	0	0
78	120	1	0	0	0	0	0	0	0
78	121	0	0	1	0	0	0	0	0
78	122	0	0	1	0	0	0	0	0
78	123	0	0	1	0	0	0	0	0
78	124	0	0	1	0	0	0	0	0
78	125	0	0	0	0	0	0	1	0
78	126	0	0	0	0	0	0	1	0
78	127	0	0	0	0	0	0	1	0
78	128	0	0	0	0	0	0	1	0
78	129	0	0	0	0	0	0	1	0
78	130	0	0	0	0	0	0	1	0
79	91	0	0	0	0	1	0	0	0
79	92	0	0	0	0	1	0	0	0
79	93	0	0	0	0	1	0	0	0
79	94	0	0	0	0	1	0	0	0
79	95	0	0	0	0	1	0	0	0
79	96	0	0	0	0	1	0	0	0
79	97	0	0	0	0	1	0	0	0
79	98	0	0	0	0	1	0	0	0
79	99	0	0	0	0	1	0	0	0
79	100	0	0	0	0	1	0	0	0
79	101	0	0	0	0	0	1	0	0
79	102	0	0	0	0	1	0	0	0
79	103	0	0	0	0	0	1	0	0
79	104	0	0	0	0	1	0	0	0
79	105	0	0	0	0	0	1	0	0
79	106	0	0	0	0	0	1	0	0
79	107	0	0	0	0	0	1	0	0
79	108	0	0	0	0	0	1	0	0
79	109	0	0	0	0	0	1	0	0
79	110	0	0	0	0	0	1	0	0
79	111	0	0	0	0	0	1	0	0
79	112	0	0	0	0	0	1	0	0
79	113	0	0	1	0	0	0	0	0
79	114	0	0	1	0	0	0	0	0
79	115	0	0	1	0	0	0	0	0
79	116	0	0	1	0	0	0	0	0
79	117	0	0	1	0	0	0	0	0
79	118	1	0	0	0	0	0	0	0
79	119	0	0	1	0	0	0	0	0
79	120	0	0	1	0	0	0	0	0
79	121	0	0	1	0	0	0	0	0
79	122	0	0	1	0	0	0	0	0
79	123	0	0	1	0	0	0	0	0
79	124	0	0	1	0	0	0	0	0
79	125	0	0	1	0	0	0	0	0
79	126	0	0	0	0	0	0	0	1
79	127	0	0	0	0	0	0	1	0
79	128	0	0	0	0	0	0	1	0
79	129	0	0	0	0	0	0	1	0
79	130	0	0	0	0	0	0	1	0
79	131	0	0	0	0	0	0	1	0
80	91	0	0	0	0	1	0	0	0
80	92	0	0	0	0	1	0	0	0
80	93	0	0	0	0	1	0	0	0
80	94	0	0	0	0	1	0	0	0
80	95	0	0	0	0	1	0	0	0
80	96	0	0	0	0	1	0	0	0
80	97	0	0	0	0	1	0	0	0
80	98	0	0	0	0	0	1	0	0
80	99	0	0	0	0	0	1	0	0
80	100	0	0	0	0	0	1	0	0
80	101	0	0	0	0	0	1	0	0
80	102	0	0	0	0	1	0	0	0
80	103	0	0	0	0	0	1	0	0
80	104	0	0	0	0	0	1	0	0
80	105	0	0	0	0	0	1	0	0
80	106	0	0	0	0	0	1	0	0
80	107	0	0	0	0	0	1	0	0
80	108	0	0	0	0	0	1	0	0
80	109	0	0	0	0	0	1	0	0
80	110	0	0	0	0	0	1	0	0
80	111	0	0	0	0	0	1	0	0
80	112	0	0	0	0	0	1	0	0
80	113	0	0	0	0	0	1	0	0
80	114	0	0	1	0	0	0	0	0
80	115	0	0	0	0	0	1	0	0
80	116	1	0	0	0	0	0	0	0
80	117	0	0	1	0	0	0	0	0
80	118	1	0	0	0	0	0	0	0
80	119	1	0	0	0	0	0	0	0
80	120	1	0	0	0	0	0	0	0
80	121	1	0	0	0	0	0	0	0
80	122	1	0	0	0	0	0	0	0
80	123	0	0	1	0	0	0	0	0
80	124	1	0	0	0	0	0	0	0
80	125	0	0	1	0	0	0	0	0
80	126	0	1	0	0	0	0	0	0
80	127	0	0	1	0	0	0	0	0
80	128	0	0	0	0	0	0	0	1
80	129	0	0	0	0	0	0	0	1
80	130	0	0	0	0	0	0	1	0
80	131	0	0	0	0	0	0	1	0
80	132	0	0	0	0	0	0	1	0
80	133	0	0	0	0	0	0	1	0
80	134	0	0	0	0	0	0	1	0
80	135	0	0	0	0	0	0	1	0
80	136	0	0	0	0	0	0	1	0
81	95	0	0	0	0	1	0	0	0
81	96	0	0	0	0	1	0	0	0
81	97	0	0	0	0	1	0	0	0
81	98	0	0	0	0	1	0	0	0
81	99	0	0	0	0	1	0	0	0
81	100	0	0	0	0	1	0	0	0
81	101	0	0	0	0	0	1	0	0
81	102	0	0	0	0	1	0	0	0
81	103	0	0	0	0	1	0	0	0
81	104	0	0	0	0	1	0	0	0
81	105	0	0	0	0	1	0	0	0
81	106	0	0	0	0	1	0	0	0
81	107	0	0	0	0	0	1	0	0
81	108	0	0	0	0	0	1	0	0
81	109	0	0	0	0	0	1	0	0
81	110	0	0	0	0	0	1	0	0
81	111	0	0	0	0	0	1	0	0
81	112	0	0	0	0	1	0	0	0
81	113	0	0	0	0	0	1	0	0
81	114	0	0	1	0	0	0	0	0
81	115	0	0	0	0	0	1	0	0
81	116	0	0	0	0	0	1	0	0
81	117	0	0	1	0	0	0	0	0
81	118	0	0	1	0	0	0	0	0
81	119	0	0	1	0	0	0	0	0
81	120	0	0	0	0	0	1	0	0
81	121	0	0	1	0	0	0	0	0
81	122	1	0	0	0	0	0	0	0
81	123	0	0	1	0	0	0	0	0
81	124	1	0	0	0	0	0	0	0
81	125	0	1	0	0	0	0	0	0
81	126	0	1	0	0	0	0	0	0
81	127	0	1	0	0	0	0	0	0
81	128	0	0	1	0	0	0	0	0
81	129	0	1	0	0	0	0	0	0
81	130	0	0	0	0	0	0	1	0
81	131	0	0	0	0	0	0	1	0
81	132	0	0	0	0	0	0	1	0
81	133	0	0	0	0	0	0	1	0
81	134	0	0	0	0	0	0	1	0
81	135	0	0	0	0	0	0	1	0
81	136	0	0	0	0	0	0	1	0
82	97	0	0	0	0	1	0	0	0
82	98	0	0	0	0	1	0	0	0
82	99	0	0	0	0	1	0	0	0
82	100	0	0	0	0	1	0	0	0
82	101	0	0	0	0	1	0	0	0
82	102	0	0	0	0	1	0	0	0
82	103	0	0	0	0	1	0	0	0
82	104	0	0	0	0	1	0	0	0
82	105	0	0	0	0	1	0	0	0
82	106	0	0	0	0	1	0	0	0
82	107	0	0	0	0	1	0	0	0
82	108	0	0	0	0	1	0	0	0
82	109	0	0	0	0	1	0	0	0
82	110	0	0	0	0	1	0	0	0
82	111	0	0	0	0	1	0	0	0
82	112	0	0	0	0	0	1	0	0
82	113	0	0	0	0	0	1	0	0
82	114	0	0	0	0	0	1	0	0
82	115	0	0	0	0	0	1	0	0
82	116	0	0	0	0	0	1	0	0
82	117	0	0	0	0	0	1	0	0
82	118	0	0	0	0	0	1	0	0
82	119	0	0	0	0	0	1	0	0
82	120	0	0	1	0	0	0	0	0
82	121	0	0	1	0	0	0	0	0
82	122	1	0	0	0	0	0	0	0
82	123	0	0	1	0	0	0	0	0
82	124	1	0	0	0	0	0	0	0
82	125	1	0	0	0	0	0	0	0
82	126	1	0	0	0	0	0	0	0
82	127	0	0	1	0	0	0	0	0
82	128	0	1	0	0	0	0	0	0
82	129	0	1	0	0	0	0	0	0
82	130	0	1	0	0	0	0	0	0
82	131	0	0	0	0	0	1	0	0
82	132	0	1	0	0	0	0	0	0
82	133	0	0	0	0	0	0	1	0
82	134	0	0	0	0	0	0	1	0
82	135	0	0	0	0	0	0	1	0
82	136	0	0	0	0	0	0	1	0
82	137	0	0	0	0	0	0	1	0
82	138	0	0	0	0	0	0	1	0
83	101	0	0	0	0	1	0	0	0
83	102	0	0	0	0	1	0	0	0
83	103	0	0	0	0	1	0	0	0
83	104	0	0	0	0	1	0	0	0
83	105	0	0	0	0	1	0	0	0
83	106	0	0	0	0	1	0	0	0
83	107	0	0	0	0	1	0	0	0
83	108	0	0	0	0	1	0	0	0
83	109	0	0	0	0	1	0	0	0
83	110	0	0	0	0	1	0	0	0
83	111	0	0	0	0	1	0	0	0
83	112	0	0	0	0	1	0	0	0
83	113	0	0	0	0	1	0	0	0
83	114	0	0	0	0	1	0	0	0
83	115	0	0	0	0	0	1	0	0
83	116	0	0	0	0	0	1	0	0
83	117	0	0	0	0	0	1	0	0
83	118	0	0	0	0	0	1	0	0
83	119	0	0	0	0	0	1	0	0
83	120	0	0	0	0	0	1	0	0
83	121	0	0	1	0	0	0	0	0
83	122	0	0	0	0	0	1	0	0
83	123	0	0	1	0	0	0	0	0
83	124	0	0	1	0	0	0	0	0
83	125	0	0	1	0	0	0	0	0
83	126	1	0	0	0	0	0	0	0
83	127	0	1	0	0	0	0	0	0
83	128	0	1	0	0	0	0	0	0
83	129	0	1	0	0	0	0	0	0
83	130	0	1	0	0	0	0	0	0
83	131	0	1	0	0	0	0	0	0
83	132	0	1	0	0	0	0	0	0
83	133	0	0	0	0	0	1	0	0
83	134	0	0	0	0	0	0	1	0
83	135	0	0	0	0	0	0	1	0
83	136	0	0	0	0	0	0	1	0
83	137	0	0	0	0	0	0	1	0
83	138	0	0	0	0	0	0	1	0
83	139	0	0	0	0	0	0	1	0
83	140	0	0	0	0	0	0	1	0
83	141	0	0	0	0	0	0	1	0
84	102	0	0	0	0	1	0	0	0
84	103	0	0	0	0	1	0	0	0
84	104	0	0	0	0	1	0	0	0
84	105	0	0	0	0	1	0	0	0
84	106	0	0	0	0	1	0	0	0
84	107	0	0	0	0	1	0	0	0
84	108	0	0	0	0	1	0	0	0
84	109	0	0	0	0	1	0	0	0
84	110	0	0	0	0	1	0	0	0
84	111	0	0	0	0	1	0	0	0
84	112	0	0	0	0	1	0	0	0
84	113	0	0	0	0	0	1	0	0
84	114	0	0	0	0	0	1	0	0
84	115	0	0	0	0	0	1	0	0
84	116	0	0	0	0	0	1	0	0
84	117	0	0	0	0	0	1	0	0
84	118	0	0	0	0	0	1	0	0
84	119	0	0	0	0	0	1	0	0
84	120	0	0	0	0	0	1	0	0
84	121	0	0	0	0	0	1	0	0
84	122	0	0	1	0	0	0	0	0
84	123	0	0	1	0	0	0	0	0
84	124	0	0	1	0	0	0	0	0
84	125	0	0	1	0	0	0	0	0
84	126	0	1	0	0	0	0	0	0
84	127	0	1	0	0	0	0	0	0
84	128	0	1	0	0	0	0	0	0
84	129	0	1	0	0	0	0	0	0
84	130	0	1	0	0	0	0	0	0
84	131	0	1	0	0	0	0	0	0
84	132	0	1	0	0	0	0	0	0
84	133	0	0	0	0	0	1	0	0
84	134	0	1	0	0	0	0	0	0
84	135	0	0	0	0	0	0	1	0
84	136	0	0	0	0	0	0	1	0
84	137	0	0	0	0	0	0	1	0
84	138	0	0	0	0	0	0	1	0
84	139	0	0	0	0	0	0	1	0
84	140	0	0	0	0	0	0	1	0
84	141	0	0	0	0	0	0	1	0
84	142	0	0	0	0	0	0	1	0
84	143	0	0	0	0	0	0	1	0
85	106	0	0	0	0	1	0	0	0
85	107	0	0	0	0	1	0	0	0
85	108	0	0	0	0	1	0	0	0
85	109	0	0	0	0	1	0	0	0
85	110	0	0	0	0	1	0	0	0
85	111	0	0	0	0	1	0	0	0
85	112	0	0	0	0	1	0	0	0
85	113	0	0	0	0	1	0	0	0
85	114	0	0	0	0	1	0	0	0
85	115	0	0	0	0	1	0	0	0
85	116	0	0	0	0	1	0	0	0
85	117	0	0	0	0	1	0	0	0
85	118	0	0	0	0	0	1	0	0
85	119	0	0	0	0	1	0	0	0
85	120	0	0	0	0	0	1	0	0
85	121	0	0	0	0	1	0	0	0
85	122	0	0	0	0	0	1	0	0
85	123	0	0	0	0	0	1	0	0
85	124	0	0	0	0	0	1	0	0
85	125	0	0	1	0	0	0	0	0
85	126	0	0	1	0	0	0	0	0
85	127	0	0	1	0	0	0	0	0
85	128	0	0	0	0	0	1	0	0
85	129	0	0	0	0	0	1	0	0
85	130	0	1	0	0	0	0	0	0
85	131	0	0	0	0	0	1	0	0
85	132	0	1	0	0	0	0	0	0
85	133	0	1	0	0	0	0	0	0
85	134	0	1	0	0	0	0	0	0
85	135	0	0	0	0	0	1	0	0
85	136	0	0	0	0	0	1	0	0
85	137	0	0	0	0	0	1	0	0
85	138	0	0	0	0	0	1	0	0
85	139	0	0	0	0	0	0	1	0
85	140	0	0	0	0	0	0	1	0
85	141	0	0	0	0	0	0	1	0
85	142	0	0	0	0	0	0	1	0
85	143	0	0	0	0	0	0	1	0
85	144	0	0	0	0	0	0	1	0
86	107	0	0	0	0	1	0	0	0
86	108	0	0	0	0	1	0	0	0
86	109	0	0	0	0	1	0	0	0
86	110	0	0	0	0	1	0	0	0
86	111	0	0	0	0	1	0	0	0
86	112	0	0	0	0	0	1	0	0
86	113	0	0	0	0	1	0	0	0
86	114	0	0	0	0	0	1	0	0
86	115	0	0	0	0	1	0	0	0
86	116	0	0	0	0	1	0	0	0
86	117	0	0	0	0	1	0	0	0
86	118	0	0	0	0	1	0	0	0
86	119	0	0	0	0	1	0	0	0
86	120	0	0	0	0	1	0	0	0
86	121	0	0	0	0	1	0	0	0
86	122	0	0	0	0	0	1	0	0
86	123	0	0	0	0	0	1	0	0
86	124	0	0	0	0	0	1	0	0
86	125	0	0	0	0	0	1	0	0
86	126	0	0	0	0	0	1	0	0
86	127	0	0	0	0	1	0	0	0
86	128	0	0	0	0	1	0	0	0
86	129	0	0	0	0	0	1	0	0
86	130	0	0	0	0	0	1	0	0
86	131	0	0	0	0	0	1	0	0
86	132	0	0	1	0	0	0	0	0
86	133	0	1	0	0	0	0	0	0
86	134	0	1	0	0	0	0	0	0
86	135	0	0	0	0	0	1	0	0
86	136	0	1	0	0	0	0	0	0
86	137	0	0	0	0	0	1	0	0
86	138	0	0	0	0	0	1	0	0
86	139	0	0	0	0	0	1	0	0
86	140	0	0	0	0	0	1	0	0
86	141	0	0	0	0	0	1	0	0
86	142	0	0	0	0	0	1	0	0
86	143	0	0	0	0	0	1	0	0
86	144	0	0	0	0	0	0	1	0
86	145	0	0	0	0	0	0	1	0
87	110	0	0	0	0	1	0	0	0
87	111	0	0	0	0	1	0	0	0
87	112	0	0	0	0	1	0	0	0
87	113	0	0	0	0	1	0	0	0
87	114	0	0	0	0	0	1	0	0
87	115	0	0	0	0	0	1	0	0
87	116	0	0	0	0	1	0	0	0
87	117	0	0	0	0	1	0	0	0
87	118	0	0	0	0	1	0	0	0
87	119	0	0	0	0	1	0	0	0
87	120	0	0	0	0	1	0	0	0
87	121	0	0	0	0	1	0	0	0
87	122	0	0	0	0	1	0	0	0
87	123	0	0	0	0	1	0	0	0
87	124	0	0	0	0	1	0	0	0
87	125	0	0	0	0	0	1	0	0
87	126	0	0	0	0	1	0	0	0
87	127	0	0	0	0	1	0	0	0
87	128	0	0	0	0	1	0	0	0
87	129	0	0	0	0	1	0	0	0
87	130	0	0	0	0	0	1	0	0
87	131	0	0	0	0	0	1	0	0
87	132	0	0	0	0	0	1	0	0
87	133	0	0	0	0	0	1	0	0
87	134	0	1	0	0	0	0	0	0
87	135	0	0	0	0	0	1	0	0
87	136	0	1	0	0	0	0	0	0
87	137	0	0	0	0	0	1	0	0
87	138	0	0	0	0	0	1	0	0
87	139	0	0	0	0	0	1	0	0
87	140	0	0	0	0	0	1	0	0
87	141	0	0	0	0	0	1	0	0
87	142	0	0	0	0	0	1	0	0
87	143	0	0	0	0	0	1	0	0
87	144	0	0	0	0	0	1	0	0
87	145	0	0	0	0	0	1	0	0
87	146	0	0	0	0	0	0	1	0
88	113	0	0	0	0	1	0	0	0
88	114	0	0	0	0	1	0	0	0
88	115	0	0	0	0	1	0	0	0
88	116	0	0	0	0	1	0	0	0
88	117	0	0	0	0	1	0	0	0
88	118	0	0	0	0	1	0	0	0
88	119	0	0	0	0	1	0	0	0
88	120	0	0	0	0	1	0	0	0
88	121	0	0	0	0	1	0	0	0
88	122	0	0	0	0	1	0	0	0
88	123	0	0	0	0	1	0	0	0
88	124	0	0	0	0	1	0	0	0
88	125	0	0	0	0	0	1	0	0
88	126	0	0	0	0	1	0	0	0
88	127	0	0	0	0	1	0	0	0
88	128	0	0	0	0	1	0	0	0
88	129	0	0	0	0	1	0	0	0
88	130	0	0	0	0	1	0	0	0
88	131	0	0	0	0	0	1	0	0
88	132	0	0	0	0	0	1	0	0
88	133	0	0	0	0	0	1	0	0
88	134	0	0	1	0	0	0	0	0
88	135	0	1	0	0	0	0	0	0
88	136	0	1	0	0	0	0	0	0
88	137	0	1	0	0	0	0	0	0
88	138	0	1	0	0	0	0	0	0
88	139	0	0	1	0	0	0	0	0
88	140	0	1	0	0	0	0	0	0
88	141	0	0	0	0	0	1	0	0
88	142	0	0	1	0	0	0	0	0
88	143	0	0	0	0	0	1	0	0
88	144	0	0	0	0	0	1	0	0
88	145	0	0	0	0	0	1	0	0
88	146	0	0	0	0	0	1	0	0
89	116	0	0	0	0	1	0	0	0
89	117	0	0	0	0	1	0	0	0
89	118	0	0	0	0	1	0	0	0
89	119	0	0	0	0	1	0	0	0
89	120	0	0	0	0	1	0	0	0
89	121	0	0	0	0	1	0	0	0
89	122	0	0	0	0	1	0	0	0
89	123	0	0	0	0	1	0	0	0
89	124	0	0	0	0	1	0	0	0
89	125	0	0	0	0	1	0	0	0
89	126	0	0	0	0	1	0	0	0
89	127	0	0	0	0	1	0	0	0
89	128	0	0	0	0	1	0	0	0
89	129	0	0	0	0	1	0	0	0
89	130	0	0	0	0	1	0	0	0
89	131	0	0	0	0	1	0	0	0
89	132	0	0	0	0	0	1	0	0
89	133	0	0	0	0	0	1	0	0
89	134	0	0	0	0	0	1	0	0
89	135	0	0	0	0	0	1	0	0
89	136	0	1	0	0	0	0	0	0
89	137	0	0	1	0	0	0	0	0
89	138	0	1	0	0	0	0	0	0
89	139	0	1	0	0	0	0	0	0
89	140	0	0	1	0	0	0	0	0
89	141	0	0	1	0	0	0	0	0
89	142	0	0	1	0	0	0	0	0
89	143	0	0	0	0	0	0	0	1
89	144	0	0	0	0	0	1	0	0
89	145	0	0	0	0	0	0	0	1
89	146	0	0	0	0	0	0	1	0
89	147	0	0	0	0	0	0	1	0
90	118	0	0	0	0	1	0	0	0
90	119	0	0	0	0	1	0	0	0
90	120	0	0	0	0	1	0	0	0
90	121	0	0	0	0	1	0	0	0
90	122	0	0	0	0	1	0	0	0
90	123	0	0	0	0	1	0	0	0
90	124	0	0	0	0	1	0	0	0
90	125	0	0	0	0	1	0	0	0
90	126	0	0	0	0	1	0	0	0
90	127	0	0	0	0	1	0	0	0
90	128	0	0	0	0	1	0	0	0
90	129	0	0	0	0	1	0	0	0
90	130	0	0	0	0	1	0	0	0
90	131	0	0	0	0	1	0	0	0
90	132	0	0	0	0	1	0	0	0
90	133	0	0	0	0	0	1	0	0
90	134	0	0	0	0	0	1	0	0
90	135	0	0	0	0	0	1	0	0
90	136	0	0	1	0	0	0	0	0
90	137	0	1	0	0	0	0	0	0
90	138	0	1	0	0	0	0	0	0
90	139	0	1	0	0	0	0	0	0
90	140	0	1	0	0	0	0	0	0
90	141	0	1	0	0	0	0	0	0
90	142	0	1	0	0	0	0	0	0
90	143	0	0	1	0	0	0	0	0
90	144	0	1	0	0	0	0	0	0
90	145	0	0	1	0	0	0	0	0
90	146	0	0	1	0	0	0	0	0
90	147	0	0	1	0	0	0	0	0
90	148	0	0	0	0	0	0	0	1
91	121	0	0	0	0	1	0	0	0
91	122	0	0	0	0	1	0	0	0
91	123	0	0	0	0	1	0	0	0
91	124	0	0	0	0	1	0	0	0
91	125	0	0	0	0	1	0	0	0
91	126	0	0	0	0	1	0	0	0
91	127	0	0	0	0	1	0	0	0
91	128	0	0	0	0	0	0	1	0
91	129	0	0	0	0	0	0	1	0
91	130	0	0	0	0	1	0	0	0
91	131	0	0	0	0	1	0	0	0
91	132	0	0	0	0	1	0	0	0
91	133	0	0	0	0	1	0	0	0
91	134	0	0	0	0	0	1	0	0
91	135	0	0	0	0	0	1	0	0
91	136	0	0	0	0	0	1	0	0
91	137	0	0	0	0	0	1	0	0
91	138	0	0	1	0	0	0	0	0
91	139	0	0	1	0	0	0	0	0
91	140	0	1	0	0	0	0	0	0
91	141	0	0	1	0	0	0	0	0
91	142	0	0	1	0	0	0	0	0
91	143	0	1	0	0	0	0	0	0
91	144	0	0	1	0	0	0	0	0
91	145	0	0	1	0	0	0	0	0
91	146	0	0	1	0	0	0	0	0
91	147	0	0	1	0	0	0	0	0
91	148	0	0	0	0	0	0	0	1
92	124	0	0	0	0	1	0	0	0
92	125	0	0	0	0	1	0	0	0
92	126	0	0	0	0	1	0	0	0
92	127	0	0	0	0	1	0	0	0
92	129	0	0	0	0	1	0	0	0
92	130	0	0	0	0	1	0	0	0
92	131	0	0	0	0	1	0	0	0
92	132	0	0	0	0	1	0	0	0
92	133	0	0	0	0	1	0	0	0
92	134	0	0	0	0	0	1	0	0
92	135	0	0	0	0	0	1	0	0
92	136	0	0	0	0	0	1	0	0
92	137	0	0	0	0	0	1	0	0
92	138	0	0	1	0	0	0	0	0
92	139	0	0	1	0	0	0	0	0
92	140	0	0	1	0	0	0	0	0
92	141	0	0	1	0	0	0	0	0
92	142	0	1	0	0	0	0	0	0
92	143	1	0	0	0	0	0	0	0
92	144	0	0	1	0	0	0	0	0
92	145	0	0	1	0	0	0	0	0
92	146	0	1	0	0	0	0	0	0
92	147	0	0	1	0	0	0	0	0
92	148	0	0	1	0	0	0	0	0
92	150	0	0	1	0	0	0	0	0
93	132	0	0	0	0	1	0	0	0
93	133	0	0	0	0	1	0	0	0
93	134	0	0	0	0	1	0	0	0
93	135	0	0	1	0	0	0	0	0
93	136	0	0	1	0	0	0	0	0
93	137	0	0	1	0	0	0	0	0
93	138	0	0	1	0	0	0	0	0
93	139	0	0	1	0	0	0	0	0
93	140	0	0	1	0	0	0	0	0
93	141	0	0	1	0	0	0	0	0
93	142	0	0	1	0	0	0	0	0
93	143	0	0	1	0	0	0	0	0
93	144	0	0	1	0	0	0	0	0
93	145	0	0	1	0	0	0	0	0
93	146	0	0	1	0	0	0	0	0
93	147	0	0	1	0	0	0	0	0
93	148	0	0	1	0	0	0	0	0
93	149	0	0	1	0	0	0	0	0
93	150	0	0	1	0	0	0	0	0
93	151	0	0	0	0	0	0	0	1
94	134	0	0	0	0	1	0	0	0
94	135	0	0	0	0	1	0	0	0
94	136	0	0	0	0	1	0	0	0
94	137	0	0	1	0	0	0	0	0
94	138	0	0	1	0	0	0	0	0
94	139	0	0	1	0	0	0	0	0
94	140	0	0	1	0	0	0	0	0
94	141	0	0	1	0	0	0	0	0
94	142	0	0	1	0	0	0	0	0
94	143	0	0	1	0	0	0	0	0
94	144	0	0	1	0	0	0	0	0
94	145	0	0	1	0	0	0	0	0
94	146	0	0	1	0	0	0	0	0
94	147	0	0	1	0	0	0	0	0
94	148	0	0	1	0	0	0	0	0
94	149	0	0	1	0	0	0	0	0
94	150	0	0	1	0	0	0	0	0
94	151	0	0	1	0	0	0	0	0
94	152	0	0	1	0	0	0	0	0
94	153	0	0	1	0	0	0	0	0
95	128	0	0	0	0	0	0	0	1
95	134	0	0	0	0	0	0	0	1
95	137	0	0	0	0	1	0	0	0
95	138	0	0	0	0	1	0	0	0
95	139	0	0	0	0	1	0	0	0
95	140	0	0	1	0	0	0	0	0
95	141	0	0	0	0	1	0	0	0
95	142	0	0	1	0	0	0	0	0
95	143	0	0	1	0	0	0	0	0
95	144	0	0	1	0	0	0	0	0
95	145	0	0	1	0	0	0	0	0
95	146	0	0	1	0	0	0	0	0
95	147	0	0	1	0	0	0	0	0
95	148	0	0	1	0	0	0	0	0
95	149	0	0	1	0	0	0	0	0
95	150	0	0	1	0	0	0	0	0
95	151	0	0	1	0	0	0	0	0
95	152	0	0	1	0	0	0	0	0
96	137	0	0	0	0	1	0	0	0
96	140	0	0	0	0	1	0	0	0
96	141	0	0	0	0	1	0	0	0
96	142	0	0	1	0	0	0	0	0
96	143	0	0	0	0	1	0	0	0
96	144	0	0	1	0	0	0	0	0
96	145	0	0	1	0	0	0	0	0
96	146	0	0	1	0	0	0	0	0
96	147	0	0	1	0	0	0	0	0
96	148	0	0	1	0	0	0	0	0
96	149	0	0	1	0	0	0	0	0
96	150	0	0	1	0	0	0	0	0
96	151	0	0	1	0	0	0	0	0
96	152	0	0	1	0	0	0	0	0
96	153	0	0	1	0	0	0	0	0
96	154	0	0	1	0	0	0	0	0
96	155	0	0	1	0	0	0	0	0
97	136	0	0	0	0	0	0	0	1
97	141	0	0	1	0	0	0	0	0
97	143	0	0	0	0	1	0	0	0
97	144	0	0	0	0	1	0	0	0
97	145	0	0	1	0	0	0	0	0
97	146	0	0	0	0	1	0	0	0
97	147	0	0	1	0	0	0	0	0
97	148	0	0	1	0	0	0	0	0
97	149	0	0	1	0	0	0	0	0
97	150	0	0	1	0	0	0	0	0
97	151	0	0	1	0	0	0	0	0
97	152	0	0	1	0	0	0	0	0
97	153	0	0	1	0	0	0	0	0
97	154	0	0	1	0	0	0	0	0
98	139	0	0	0	0	1	0	0	0
98	140	0	0	0	0	1	0	0	0
98	141	0	0	0	0	1	0	0	0
98	142	0	0	0	0	1	0	0	0
98	143	0	0	0	0	1	0	0	0
98	144	0	0	0	0	1	0	0	0
98	145	0	0	0	0	1	0	0	0
98	146	0	0	1	0	0	0	0	0
98	147	0	0	1	0	0	0	0	0
98	148	0	0	0	0	1	0	0	0
98	149	0	0	0	0	1	0	0	0
98	150	0	0	0	0	1	0	0	0
98	151	0	0	1	0	0	0	0	0
98	152	0	0	1	0	0	0	0	0
98	153	0	0	1	0	0	0	0	0
98	154	0	0	1	0	0	0	0	0
98	155	0	0	1	0	0	0	0	0
98	156	0	0	1	0	0	0	0	0
98	157	0	0	1	0	0	0	0	0
98	158	0	0	1	0	0	0	0	0
99	142	0	0	0	0	1	0	0	0
99	143	0	0	0	0	1	0	0	0
99	144	0	0	0	0	1	0	0	0
99	145	0	0	0	0	1	0	0	0
99	146	0	0	0	0	1	0	0	0
99	147	0	0	0	0	1	0	0	0
99	148	0	0	0	0	1	0	0	0
99	149	0	0	1	0	0	0	0	0
99	150	0	0	1	0	0	0	0	0
99	151	0	0	1	0	0	0	0	0
99	152	0	0	1	0	0	0	0	0
99	153	0	0	1	0	0	0	0	0
99	154	0	0	1	0	0	0	0	0
99	155	0	0	1	0	0	0	0	0
99	156	0	0	1	0	0	0	0	0
99	157	0	0	1	0	0	0	0	0
99	158	0	0	1	0	0	0	0	0
100	141	0	0	0	0	1	0	0	0
100	142	0	0	0	0	1	0	0	0
100	143	0	0	0	0	1	0	0	0
100	144	0	0	0	0	1	0	0	0
100	145	0	0	0	0	1	0	0	0
100	146	0	0	0	0	1	0	0	0
100	147	0	0	0	0	1	0	0	0
100	148	0	0	0	0	1	0	0	0
100	149	0	0	0	0	1	0	0	0
100	150	0	0	0	0	1	0	0	0
100	151	0	0	1	0	0	0	0	0
100	152	0	0	1	0	0	0	0	0
100	153	0	0	1	0	0	0	0	0
100	154	0	0	1	0	0	0	0	0
100	155	0	0	1	0	0	0	0	0
100	156	0	0	1	0	0	0	0	0
100	157	0	0	1	0	0	0	0	0
100	158	0	0	1	0	0	0	0	0
100	159	0	0	1	0	0	0	0	0
101	144	0	0	0	0	1	0	0	0
101	145	0	0	0	0	1	0	0	0
101	146	0	0	0	0	1	0	0	0
101	147	0	0	0	0	1	0	0	0
101	148	0	0	0	0	1	0	0	0
101	149	0	0	0	0	1	0	0	0
101	150	0	0	0	0	1	0	0	0
101	151	0	0	0	0	1	0	0	0
101	152	0	0	0	0	1	0	0	0
101	153	0	0	1	0	0	0	0	0
101	154	0	0	1	0	0	0	0	0
101	155	0	0	1	0	0	0	0	0
101	156	0	0	0	0	1	0	0	0
101	157	0	0	1	0	0	0	0	0
101	158	0	0	0	0	1	0	0	0
101	159	0	0	0	0	1	0	0	0
102	148	0	0	0	0	1	0	0	0
102	149	0	0	0	0	1	0	0	0
102	150	0	0	0	0	1	0	0	0
102	151	0	0	0	0	1	0	0	0
102	152	0	0	0	0	1	0	0	0
102	153	0	0	0	0	1	0	0	0
102	154	0	0	0	0	1	0	0	0
102	155	0	0	0	0	1	0	0	0
102	156	0	0	0	0	1	0	0	0
102	157	0	0	0	0	1	0	0	0
102	158	0	0	0	0	0	0	0	1
103	149	0	0	0	0	1	0	0	0
103	150	0	0	0	0	1	0	0	0
103	151	0	0	0	0	1	0	0	0
103	152	0	0	0	0	1	0	0	0
103	153	0	0	0	0	1	0	0	0
103	154	0	0	0	0	1	0	0	0
103	155	0	0	0	0	1	0	0	0
103	156	0	0	0	0	1	0	0	0
103	157	0	0	0	0	1	0	0	0
103	163	0	0	0	0	1	0	0	0
104	149	0	0	0	0	1	0	0	0
104	150	0	0	0	0	1	0	0	0
104	151	0	0	0	0	1	0	0	0
104	152	0	0	0	0	1	0	0	0
104	153	0	0	0	0	1	0	0	0
104	154	0	0	0	0	1	0	0	0
104	155	0	0	0	0	1	0	0	0
104	156	0	0	0	0	1	0	0	0
104	157	0	0	0	0	1	0	0	0
104	158	0	0	0	0	1	0	0	0
104	159	0	0	0	0	1	0	0	0
104	161	0	0	0	0	1	0	0	0
104	163	0	0	0	0	1	0	0	0
105	151	0	0	0	0	1	0	0	0
105	152	0	0	0	0	1	0	0	0
105	153	0	0	0	0	1	0	0	0
105	154	0	0	0	0	1	0	0	0
105	155	0	0	0	0	1	0	0	0
105	156	0	0	0	0	1	0	0	0
105	157	0	0	0	0	1	0	0	0
105	158	0	0	0	0	1	0	0	0
105	161	0	0	0	0	1	0	0	0
105	162	0	0	0	0	1	0	0	0
105	163	0	0	0	0	1	0	0	0
105	165	0	0	0	0	1	0	0	0
106	152	0	0	0	0	1	0	0	0
106	153	0	0	0	0	1	0	0	0
106	154	0	0	0	0	1	0	0	0
106	155	0	0	0	0	1	0	0	0
106	156	0	0	0	0	1	0	0	0
106	157	0	0	0	0	1	0	0	0
106	158	0	0	0	0	1	0	0	0
106	159	0	0	0	0	1	0	0	0
106	160	0	0	0	0	1	0	0	0
106	161	0	0	0	0	1	0	0	0
106	163	0	0	0	0	1	0	0	0
106	165	0	0	0	0	1	0	0	0
107	153	0	0	0	0	1	0	0	0
107	154	0	0	0	0	1	0	0	0
107	155	0	0	0	0	1	0	0	0
107	157	0	0	0	0	1	0	0	0
107	158	0	0	0	0	1	0	0	0
107	159	0	0	0	0	1	0	0	0
107	160	0	0	0	0	1	0	0	0
107	163	0	0	0	0	1	0	0	0
107	164	0	0	0	0	1	0	0	0
107	165	0	0	0	0	1	0	0	0
107	167	0	0	0	0	1	0	0	0
108	155	0	0	0	0	1	0	0	0
108	156	0	0	0	0	1	0	0	0
108	157	0	0	0	0	1	0	0	0
108	158	0	0	0	0	1	0	0	0
108	159	0	0	0	0	1	0	0	0
108	160	0	0	0	0	1	0	0	0
108	161	0	0	0	0	1	0	0	0
108	162	0	0	0	0	1	0	0	0
108	163	0	0	0	0	1	0	0	0
108	165	0	0	0	0	1	0	0	0
108	167	0	0	0	0	1	0	0	0
108	169	0	0	0	0	1	0	0	0
109	157	0	0	0	0	1	0	0	0
109	159	0	0	0	0	1	0	0	0
109	161	0	0	0	0	1	0	0	0
109	165	0	0	0	0	1	0	0	0
109	166	0	0	0	0	1	0	0	0
109	167	0	0	0	0	1	0	0	0
109	168	0	0	0	0	1	0	0	0
109	169	0	0	0	0	1	0	0	0
110	157	0	0	0	0	1	0	0	0
110	159	0	0	0	0	1	0	0	0
110	160	0	0	0	0	1	0	0	0
110	161	0	0	0	0	1	0	0	0
110	163	0	0	0	0	1	0	0	0
110	167	0	0	0	0	1	0	0	0
110	169	0	0	0	0	1	0	0	0
110	171	0	0	0	0	1	0	0	0
111	161	0	0	0	0	1	0	0	0
111	163	0	0	0	0	1	0	0	0
111	167	0	0	0	0	1	0	0	0
111	168	0	0	0	0	1	0	0	0
111	169	0	0	0	0	1	0	0	0
111	170	0	0	0	0	1	0	0	0
111	171	0	0	0	0	1	0	0	0
112	165	0	0	0	0	1	0	0	0
112	169	0	0	0	0	1	0	0	0
112	170	0	0	0	0	1	0	0	0
112	171	0	0	0	0	1	0	0	0
112	172	0	0	0	0	1	0	0	0
112	173	0	0	0	0	1	0	0	0
113	165	0	0	0	0	1	0	0	0
113	169	0	0	0	0	1	0	0	0
113	170	0	0	0	0	1	0	0	0
113	171	0	0	0	0	1	0	0	0
113	172	0	0	0	0	1	0	0	0
113	173	0	0	0	0	1	0	0	0
114	170	0	0	0	0	1	0	0	0
114	171	0	0	0	0	1	0	0	0
114	172	0	0	0	0	1	0	0	0
114	173	0	0	0	0	1	0	0	0
114	174	0	0	0	0	1	0	0	0
114	175	0	0	0	0	1	0	0	0
115	172	0	0	0	0	1	0	0	0
115	173	0	0	0	0	1	0	0	0
115	174	0	0	0	0	1	0	0	0
115	175	0	0	0	0	1	0	0	0
116	174	0	0	0	0	1	0	0	0
116	175	0	0	0	0	1	0	0	0
116	176	0	0	0	0	1	0	0	0
116	177	0	0	0	0	1	0	0	0
117	176	0	0	0	0	1	0	0	0
117	177	0	0	0	0	1	0	0	0
118	176	0	0	0	0	1	0	0	0
82	96	0	0	0	0	1	0	0	0
95	135	0	0	0	0	1	0	0	0
96	138	0	0	0	0	1	0	0	0
97	137	0	0	0	0	1	0	0	0
0	4	0	0	0	0	0	0	0	1
49	47	0	0	0	0	0	0	1	0
48	46	0	0	0	0	0	0	1	0
47	45	0	0	0	0	0	0	1	0
46	44	0	0	0	0	0	0	1	0
34	29	0	0	0	0	0	0	1	0
36	31	0	0	0	0	0	0	1	0
36	32	0	0	0	0	0	0	1	0
97	139	0	0	0	0	1	0	0	0
99	141	0	0	0	0	1	0	0	0
93	130	0	0	0	0	1	0	0	0
11	6	0	0	0	0	0	0	1	0
25	48	0	0	0	0	0	0	1	0
26	50	0	0	0	0	0	0	1	0
27	51	0	0	0	0	0	0	1	0
28	53	0	0	0	0	0	0	1	0
28	54	0	0	0	0	0	0	1	0
29	54	0	0	0	0	0	0	1	0
42	39	0	0	0	0	0	0	1	0
42	40	0	0	0	0	0	0	1	0
44	41	0	0	0	0	0	0	1	0
44	42	0	0	0	0	0	0	1	0
40	37	0	0	0	0	0	0	1	0
37	35	0	0	0	0	0	0	1	0
56	97	0	0	0	0	0	0	1	0
56	98	0	0	0	0	0	0	1	0
57	97	0	0	0	0	0	0	1	0
57	98	0	0	0	0	0	0	1	0
57	99	0	0	0	0	0	0	1	0
58	98	0	0	0	0	0	0	1	0
58	99	0	0	0	0	0	0	1	0
58	100	0	0	0	0	0	0	1	0
59	97	0	0	0	0	0	0	1	0
59	98	0	0	0	0	0	0	1	0
59	99	0	0	0	0	0	0	1	0
59	100	0	0	0	0	0	0	1	0
59	101	0	0	0	0	0	0	1	0
60	102	0	0	0	0	0	0	1	0
62	104	0	0	0	0	0	0	1	0
52	52	0	0	0	0	1	0	0	0
54	54	0	0	0	0	1	0	0	0
93	126	0	0	0	0	1	0	0	0
93	131	0	0	0	0	1	0	0	0
5	15	0	0	0	0	0	0	1	0
5	16	0	0	0	0	0	0	1	0
17	11	0	0	0	0	0	0	1	0
17	13	0	0	0	0	0	0	1	0
18	11	0	0	0	0	0	0	1	0
59	102	0	0	0	0	0	0	1	0
60	103	0	0	0	0	0	0	1	0
61	103	0	0	0	0	0	0	1	0
61	104	0	0	0	0	0	0	1	0
62	105	0	0	0	0	0	0	1	0
63	106	0	0	0	0	0	0	1	0
64	107	0	0	0	0	0	0	1	0
65	108	0	0	0	0	0	0	1	0
65	109	0	0	0	0	0	0	1	0
66	109	0	0	0	0	0	0	1	0
66	110	0	0	0	0	0	0	1	0
67	110	0	0	0	0	0	0	1	0
67	111	0	0	0	0	0	0	1	0
68	111	0	0	0	0	0	0	1	0
68	112	0	0	0	0	0	0	1	0
37	67	0	0	0	0	0	0	1	0
40	73	0	0	0	0	0	0	1	0
41	75	0	0	0	0	0	0	1	0
42	77	0	0	0	0	0	0	1	0
43	79	0	0	0	0	0	0	1	0
45	83	0	0	0	0	0	0	1	0
46	84	0	0	0	0	0	0	1	0
46	85	0	0	0	0	0	0	1	0
50	90	0	0	0	0	0	0	1	0
51	91	0	0	0	0	0	0	1	0
52	93	0	0	0	0	0	0	1	0
53	93	0	0	0	0	0	0	1	0
53	94	0	0	0	0	0	0	1	0
54	95	0	0	0	0	0	0	1	0
54	96	0	0	0	0	0	0	1	0
57	100	0	0	0	0	0	0	1	0
15	32	0	0	0	0	0	0	1	0
16	33	0	0	0	0	0	0	1	0
17	35	0	0	0	0	0	0	1	0
18	36	0	0	0	0	0	0	1	0
19	38	0	0	0	0	0	0	1	0
19	40	0	0	0	0	0	0	1	0
20	39	0	0	0	0	0	0	1	0
20	40	0	0	0	0	0	0	1	0
21	41	0	0	0	0	0	0	1	0
93	127	0	0	0	0	1	0	0	0
80	90	0	0	0	0	1	0	0	0
78	87	0	0	0	0	1	0	0	0
8	3	0	0	0	0	0	0	1	0
19	12	0	0	0	0	0	0	1	0
35	33	0	0	0	0	0	0	1	0
101	143	0	0	0	0	1	0	0	0
93	129	0	0	0	0	1	0	0	0
91	120	0	0	0	0	1	0	0	0
96	139	0	0	0	0	1	0	0	0
110	170	0	0	0	0	1	0	0	0
102	147	0	0	0	0	1	0	0	0
92	122	0	0	0	0	1	0	0	0
9	4	0	0	0	0	0	0	1	0
12	6	0	0	0	0	0	0	1	0
35	66	0	0	0	0	0	0	1	0
36	66	0	0	0	0	0	0	1	0
37	68	0	0	0	0	0	0	1	0
37	69	0	0	0	0	0	0	1	0
38	70	0	0	0	0	0	0	1	0
39	71	0	0	0	0	0	0	1	0
39	72	0	0	0	0	0	0	1	0
40	74	0	0	0	0	0	0	1	0
41	76	0	0	0	0	0	0	1	0
71	78	0	0	0	0	1	0	0	0
90	117	0	0	0	0	1	0	0	0
61	105	0	0	0	0	0	0	1	0
62	106	0	0	0	0	0	0	1	0 
63	107	0	0	0	0	0	0	1	0
64	108	0	0	0	0	0	0	1	0
103	161	0	0	0	0	1	0	0	0
89	115	0	0	0	0	1	0	0	0
97	156	0	0	1	0	0	0	0	0
102	160	0	1	0	0	0	0	0	0
103	158	0	0	0	0	0	0	0	1
103	159	0	0	0	0	0	0	0	1
103	148	0	0	0	0	1	0	0	0
11	28	0	0	0	0	0	0	1	0
115	171	0	0	0	0	1	0	0	0
92	149	0	0	0	0	0	0	0	1
85	105	0	0	0	0	1	0	0	0
92	123	0	0	0	0	1	0	0	0
110	166	0	0	0	0	1	0	0	0
108	164	0	0	0	0	1	0	0	0
106	162	0	0	0	0	1	0	0	0
8	19	0	0	0	0	0	0	1	0
8	20	0	0	0	0	0	0	1	0
7	2	0	0	0	0	0	0	1	0
72	119	0	0	0	0	0	0	1	0
72	120	0	0	0	0	0	0	1	0
71	118	0	0	0	0	0	0	1	0
76	84	0	0	0	0	1	0	0	0
74	82	0	0	0	0	1	0	0	0
89	114	0	0	0	0	1	0	0	0
69	113	0	0	0	0	0	0	1	0
69	114	0	0	0	0	0	0	1	0
70	116	0	0	0	0	0	0	1	0
70	117	0	0	0	0	0	0	1	0
71	119	0	0	0	0	0	0	1	0
29	55	0	0	0	1	0	0	0	0
30	56	0	0	0	1	0	0	0	0
30	57	0	0	0	1	0	0	0	0
31	57	0	0	0	1	0	0	0	0
31	58	0	0	0	1	0	0	0	0
32	59	0	0	0	1	0	0	0	0
32	60	0	0	0	1	0	0	0	0
33	60	0	0	0	1	0	0	0	0
33	61	0	0	0	1	0	0	0	0
33	62	0	0	0	1	0	0	0	0
34	62	0	0	0	1	0	0	0	0
34	63	0	0	0	1	0	0	0	0
35	64	0	0	0	1	0	0	0	0
35	65	0	0	0	1	0	0	0	0
36	67	0	0	0	1	0	0	0	0
110	165	0	0	0	0	1	0	0	0
9	21	0	0	1	0	0	0	0	0
13    8	0	0	1	0	0	0	0	0
21    16	0	0	0	0	0	1	0	0
21    17	0	0	0	0	0	1	0	0
19    15	0	0	0	0	0	1	0	0
94    133	0	0	0	0	1	0	0	0
105  150	0	0	0	0	1	0	0	0
14  31	0	0	0	0	0	0	1	0
14  32	0	0	0	0	0	0	1	0
104  148	0	0	0	0	1	0	0	0